5803	5491	6054
2320	846	3221
2195	6329	3976
9770	436	7927
4873	6833	4140
4852	4792	7355
10476	1541	6075
884	8635	10341
6887	1177	6517
4878	5939	34
5844	8901	4189
3850	6321	10289
2222	5493	4152
2358	5193	1375
6399	4068	1229
7405	5416	1147
10518	5333	950
2222	9235	9129
1946	556	1414
475	443	8613
3606	6640	6116
1314	10053	5136
6887	3873	9219
6887	751	980
988	358	1890
4878	4816	3788
5750	8957	7640
1946	2606	2945
2195	3295	11018
8180	4080	5100
6009	1484	4250
10604	6797	5196
6009	6534	6240
6887	9460	388
2976	8004	8788
5803	5670	8959
5750	8473	5559
746	1825	4253
2195	5630	6474
7573	9606	312
2195	6618	2421
10784	3857	4232
4791	8228	7120
6803	7123	3563
6399	10126	4765
5481	1593	10586
8450	2627	1548
7405	3722	2878
6887	11057	3258
7414	7543	9015
6887	10293	7595
5773	8285	6180
1230	3962	6061
7405	7624	2623
783	8898	7864
1963	2063	2935
2195	5688	1456
10884	9993	8457
7162	5264	2960
6399	9494	3113
1824	4648	1578
9969	3449	4411
2454	7582	8304
2976	7249	4846
1993	9295	10897
5750	4654	4286
3920	7507	2719
2349	4021	9105
4791	3082	10792
2569	6333	8543
2919	6176	5498
9399	4157	8574
2783	3026	7441
4873	10509	7145
10858	10653	1401
8831	3774	2848
6887	11044	5145
8976	8465	8536
746	4546	7164
1946	2482	3664
1946	587	5707
9260	9525	956
4873	5694	6878
5445	7271	221
452	1293	1931
6887	5130	3808
4873	4449	2281
2976	5600	119
6887	769	8784
5773	1193	467
2458	9764	3562
6399	6030	5451
5773	661	10021
1946	10403	2885
1963	7306	8575
10858	9872	2779
9729	830	1379
2195	297	10264
10784	1803	9674
10232	11031	6153
5844	5106	2363
8450	5901	1682
8438	2906	6299
10232	4747	7652
10334	2009	4203
1230	3400	4346
746	6084	4477
6399	5071	6683
191	1838	10001
4852	4792	1387
9120	768	7636
10727	1691	4336
1946	5959	6765
2294	3431	3705
2222	6232	1666
5559	2807	3499
3181	3990	10088
10604	3215	2995
1472	210	6008
5481	3983	5886
7444	10669	7459
4322	6457	4690
6312	3898	1164
8367	9899	9141
972	3072	10790
10518	6072	6271
2195	10877	5626
6887	8303	614
8164	3440	980
5590	9821	3092
9729	3281	8490
10354	1210	4106
2222	785	9332
1824	8454	5768
6740	2076	3482
1993	6953	10571
2195	5688	2939
1993	3052	4984
7444	3092	4555
5750	2340	1804
6616	722	6462
1946	7759	6721
3549	9082	6199
9399	10346	2385
1946	2162	2788
3549	8192	730
4852	4792	500
1946	6618	5100
6887	3046	3258
5844	10672	2456
7162	2705	10587
2919	4513	67
6887	5803	5573
4873	3742	5120
6364	148	7239
8979	1605	10585
2976	1721	1806
1946	2740	4449
3181	5937	2407
9300	769	2796
2569	10134	1560
1993	9710	4380
2919	3062	10808
6887	6084	6012
9865	10046	6527
4852	4792	10369
2195	7285	7196
1946	10507	1036
1946	9217	1153
6275	1056	6610
6740	4688	4208
9770	5933	383
5563	9494	4703
4747	3668	2269
3404	5679	3953
9260	10483	7305
5750	1572	10785
1393	2173	6335
9946	5845	851
7945	3421	4607
6740	6782	40
5057	6932	277
4488	955	569
9969	5959	10730
10789	6618	6520
6887	3700	6591
4852	4792	9772
5300	6046	3249
4852	2106	2073
10858	5817	4173
6364	3783	8744
5057	10629	9762
972	10987	10019
7405	6114	1892
5559	2678	10091
3913	4977	3664
191	9288	10003
4873	10504	6102
4852	4792	5945
8976	5587	8536
5445	1147	10676
4852	4875	6349
2222	7012	9972
9339	6700	3664
10348	8988	67
6399	1357	2399
5773	155	6164
1946	6891	9216
6887	8167	9089
2195	3377	1036
2993	1391	1422
9300	4977	9479
5605	8460	8624
10401	10971	6793
5844	9701	1640
4873	4810	2334
7974	457	6527
1824	8873	1897
5803	6867	3101
6887	5824	4422
10884	2502	10696
4852	4792	8069
1946	6500	8970
1946	4384	9465
9969	7603	10306
2919	1573	5462
8367	4446	9923
10518	3908	4847
1946	3187	9430
4873	602	2839
2454	9436	4953
9120	4364	1750
6740	7936	4827
4852	4792	3817
1946	173	3684
6887	4644	10758
5844	7593	1964
8736	10273	4729
160	6691	7411
9120	6419	9372
3733	1341	7385
2783	1136	537
7414	1666	8862
4852	4792	9836
972	9625	9441
10401	4769	7098
1012	7871	4402
7444	3285	6097
627	10133	6777
3543	4790	28
1946	3552	9132
6887	8540	8821
7162	3352	8289
4852	4792	1396
9300	6744	6572
1824	1055	3780
1946	7995	7694
1763	10092	10735
9946	7483	1168
2195	4778	2195
5559	4880	7756
4852	4792	1435
6740	7608	9037
4904	6577	10113
5559	5696	8356
10401	3109	8516
5750	9671	3499
746	9494	9056
5773	5566	882
2976	3040	7003
7162	5190	9261
4852	4792	2954
6887	6084	8124
244	8556	9964
5559	209	46
4878	1344	356
1946	612	339
5445	6087	9188
6887	3526	9213
1946	2045	6451
2919	7303	7454
6887	7728	1468
2875	9945	7043
8976	10045	916
7405	5369	398
4873	1136	8216
1824	9598	129
2195	10336	6838
1167	5230	3855
5456	3482	511
11016	1596	6254
3630	1682	6887
10889	7934	8331
6887	3583	2758
2195	3706	6838
4873	3694	1371
6009	1012	7809
10232	4738	10135
10604	6094	8477
4852	4792	10635
9196	1829	3646
6887	9712	7136
9399	3194	8134
1652	7417	7716
10858	4955	4899
6887	9683	5827
1993	5688	2849
2294	8587	1298
9946	5754	3340
10334	6094	5458
8367	4525	1270
10232	1569	5753
7320	7386	6054
2919	4161	6604
6887	2160	7611
5844	7639	2982
6616	7129	3878
10858	2118	6443
6399	867	6029
972	5569	6522
8367	5179	5223
2322	10946	5056
4852	4792	6151
5803	3069	8324
4747	147	707
1662	8337	4167
10348	5106	7429
6887	9105	2502
2919	10373	2477
6887	1734	6967
2783	7264	8088
9770	2061	2682
2195	7470	7335
2919	9494	1073
9300	1635	348
8367	6611	9008
8367	5307	10653
8960	4940	8764
7573	2623	10897
5773	7770	3131
10348	3658	4973
791	9966	1548
7573	2201	2282
5773	4806	8793
3404	3657	9023
1993	279	8323
1230	4438	1751
3050	6237	2887
10699	9621	7283
3526	9370	8296
10219	4269	5183
6009	3829	9186
7316	10269	3638
8367	4354	4327
1946	2752	9225
4852	4792	9748
9300	769	167
1946	1243	2200
5773	2598	1916
2195	533	5714
7606	8410	2838
9196	8165	245
1563	998	3073
1946	5471	9561
1946	1922	2801
1138	7421	3247
439	7021	2362
2783	6827	3214
8949	9429	326
5022	3379	10890
7837	9246	4042
3549	1441	670
2195	10467	6705
9865	3495	9464
4878	3075	720
9300	2457	371
2454	879	9816
1946	10264	1934
10807	368	3775
1946	4162	3749
5445	10563	8655
9196	10856	4941
9260	3343	3664
6887	9146	2158
6583	6094	8891
6740	4635	3845
9399	6442	670
8450	10065	4182
2395	5688	932
10536	5110	1078
6887	10219	6014
10784	5989	6575
2095	5344	7673
1824	5383	444
6926	6377	2884
1946	8246	9811
627	343	421
5559	3892	2919
5372	3407	5334
1824	6215	2272
8976	144	6140
5350	1466	1563
6399	8955	3963
9946	11016	9538
2919	1192	10379
10784	4286	2996
5559	1418	6488
9969	1277	6049
10858	1156	552
6887	1734	1936
9120	10872	2088
4873	9525	2354
9300	3670	9432
1946	8168	5460
4852	4792	9910
2195	8142	1588
3832	2302	6385
6740	4536	7994
6842	4928	5051
5481	9400	2494
9300	3394	2729
5750	8702	8566
2222	5396	1743
5750	6140	6574
6887	3873	4665
239	7619	4263
7320	3186	1414
746	3711	9371
7320	9494	10164
6399	5500	10909
5844	9110	6987
4878	2085	261
2358	6582	7109
6887	6087	8033
7017	10416	4028
3181	3707	2659
10401	6813	7176
5445	4836	3921
10884	5126	516
6887	11044	8109
6009	2275	3554
3181	9999	2917
6740	5880	8241
6009	2155	920
9300	9692	7027
9770	8144	3808
7839	2052	10365
7316	9467	2747
201	8756	5405
6887	803	5416
3404	10604	7670
6399	4262	1948
3404	2151	3496
8078	5130	3664
2195	2257	3513
6887	5953	4569
10604	9377	9578
4628	5174	2662
6887	8049	7416
701	8871	8882
5750	6876	5735
6887	41	2314
2690	2812	4864
1824	7443	6170
6887	4892	10782
2294	10783	9534
9300	769	831
1946	10828	8136
10232	7468	5595
5372	399	8370
6399	5729	8527
6887	2044	10617
4516	10920	2497
8438	6239	1049
1763	7498	8654
5247	2307	4833
8976	1218	10801
439	10475	9811
6887	6597	3315
6399	6948	2258
2919	5749	2333
6740	7097	2156
1946	173	8488
6887	3904	6419
4904	3781	2507
4852	4792	10596
2294	4465	8506
6887	2124	200
5481	6225	1011
7162	2741	5980
6009	8900	5855
444	2545	8653
746	10813	4367
8367	10693	7393
7414	6406	770
3825	2877	10158
2188	8908	8567
6887	6084	9443
1824	3272	9827
9946	5052	8602
2919	10373	5393
3728	750	3851
10784	4296	8646
6399	9494	9678
5773	1136	4590
2195	809	10303
10784	5005	9778
3343	25	4787
10518	5959	6209
10518	4612	900
1652	5881	2752
7414	3215	5298
10476	3520	5537
4852	4792	10677
2294	8678	5587
2222	6022	3548
1946	6559	6249
8828	10270	4631
5167	4328	917
4322	3083	4043
9067	692	2238
2195	6634	2533
8367	2945	4822
4852	4792	2853
6887	2769	8255
3181	8331	6327
4791	1762	6236
4747	8234	2211
6399	3206	8865
1946	7679	3966
6399	9451	2157
1946	9507	1626
8736	5654	670
1993	1917	5158
6887	523	5729
2195	6094	9016
1946	5531	2257
2195	6347	8582
7414	5927	7206
5750	4276	3224
6887	11044	5257
9300	9525	7613
4904	1276	5237
6312	10569	1436
9300	769	1201
4878	5959	9917
6399	1654	6941
1946	5654	6045
6887	3491	3616
9067	8752	10147
6399	10920	5830
3832	4657	2805
9029	5058	10386
8367	10887	9629
9399	9494	10022
9878	6071	10650
9865	3215	259
10784	3933	9794
1946	792	2436
8976	5233	753
2195	5688	3102
6887	3637	1252
5803	3698	6896
9826	8420	2807
7316	8650	291
5571	5157	1849
6364	7999	8893
9399	8018	1410
670	10931	8096
5654	5396	4922
6887	8948	5862
10348	10174	7233
10884	9520	1343
10889	313	6297
6887	579	10418
2395	4331	5218
10784	9972	9628
7414	8622	6223
1824	8325	9629
6740	8750	10760
4873	1894	2882
6887	10465	38
10518	388	10821
6887	1102	3930
8949	5942	8826
5773	7849	10669
1946	9999	9574
6275	1958	6459
5481	10774	5039
1563	7108	3797
1946	10146	4731
2799	9836	8540
9770	6975	10729
2454	8029	5520
1946	179	10991
10232	9801	3643
2294	666	10081
10604	8724	7199
3728	3521	3978
10518	5964	9469
2195	2108	6650
7162	3332	5633
5803	9078	1568
9969	6087	1938
10518	2772	9734
4791	8559	7368
9853	105	9072
2195	6917	3296
4852	4792	4505
7945	4119	1042
746	8271	7421
4852	4792	485
2195	1073	3388
5445	441	8429
1185	10353	6747
4852	4792	4207
4446	4268	4698
3733	1552	5109
1946	6148	3886
7162	185	10863
6009	9510	9684
10518	4898	9629
2919	6380	5414
6887	3761	7881
6887	1991	6605
1946	1746	6919
6887	8893	8187
9826	8525	4773
10784	5209	9674
5654	8930	9304
8367	9013	9202
6887	1317	3641
627	6523	4456
10930	3996	11035
5773	10175	1678
7867	7135	9661
5773	5811	4889
10858	8396	7819
2294	11052	267
6009	5492	9120
10884	2731	6032
4852	4792	9986
8976	5929	2410
1993	4599	7416
10784	2605	952
6887	4846	10714
7405	1128	10157
8004	2514	464
1993	3749	6459
7162	7090	7645
1230	4915	7741
2322	1790	11047
9196	6619	2575
972	10971	2517
6482	4065	8127
2919	3794	8635
6399	2528	5141
9969	9880	3528
2569	1822	10138
1868	588	2710
1946	2276	7195
9969	9757	564
2195	2303	8582
2195	4539	5084
5563	9445	9667
1946	9998	9543
7414	10321	6981
1654	8857	10897
1946	548	4261
7162	9685	8228
1946	5682	9663
1946	9842	7644
7320	757	8140
9826	4164	9718
10961	8845	1072
2919	5973	6770
5167	7673	6780
9067	933	5471
10518	10397	10329
746	5359	731
8367	9899	2427
10858	933	1369
5372	5139	450
2919	9525	7922
3728	6087	3184
9300	1540	4103
5844	1199	293
2919	3938	5944
6039	10387	5509
6887	4611	7055
9399	2398	8574
746	4562	7324
4852	4792	5153
9826	9525	1740
6399	1043	1682
6009	6337	9025
10536	5623	8163
7405	7032	7226
746	144	2114
1946	2072	6143
1230	9494	2898
5481	6120	9220
2195	10335	2496
1993	170	4050
972	3484	2413
5803	3898	6922
6887	9021	3841
2454	173	10160
1946	9390	5598
9300	1540	80
7405	1136	7222
10877	9757	10522
2569	3615	6635
6740	10122	1392
7320	864	6106
4852	4792	2653
7839	6094	10169
2222	3089	1935
2358	9807	1424
5844	4173	6238
3680	591	3473
6887	3000	1016
1472	9317	6328
6887	5451	1802
6887	8466	3971
6887	5283	5323
4852	4792	8362
6740	7903	2176
6887	3275	6326
10518	6231	10141
4873	9494	4339
9399	3661	1785
7320	1142	3213
10784	6163	1330
1763	6262	10321
2195	10267	1929
5773	2261	882
10674	6311	7108
5750	1959	6704
3050	7875	859
10518	769	4973
1946	891	5706
7444	10189	279
7405	8623	1302
5773	9616	745
475	8236	2030
10348	9494	3672
1946	8530	8919
4020	9725	5738
10699	6213	8600
2195	7767	10593
9969	9390	8779
4852	9769	10940
2195	165	2879
627	1585	2227
7066	5637	1700
2195	1737	2530
2322	3345	4836
4791	5127	7500
1094	5169	7567
8367	9047	7665
1946	2921	7262
9826	5052	2819
4873	433	5034
10784	9937	10117
6887	7901	7872
2222	6818	5831
2358	9735	3780
1993	2064	7835
1946	7305	9216
7162	9172	7251
7945	5603	6510
9301	9542	6426
9399	2430	2744
10435	1730	9346
5750	8151	6704
2919	8061	274
6887	1901	300
2195	10530	2178
10604	3191	8206
9946	5859	9452
8450	1108	9961
6887	3783	5957
7532	5962	5712
1946	6108	636
1946	706	3627
6740	5152	2490
4852	4792	8306
4579	6084	10153
4873	6860	10301
10784	1881	10121
6887	241	2527
9120	16	2209
2919	5749	7212
6887	5239	7304
6887	49	10686
10858	5065	336
2574	7559	5706
9399	2731	2232
2195	5688	2251
862	5883	3078
2195	7586	6070
8716	4089	6536
1230	8485	3070
7573	2863	5421
10884	9308	7513
6887	4437	4268
1200	10493	3218
9969	6985	2912
10518	9494	5838
9853	288	5197
9399	10858	8574
1946	3837	5451
6740	112	1273
7320	3226	4743
8335	4804	9742
8976	5472	4432
1946	10242	10494
2294	10316	7533
2322	947	6456
6616	7129	4666
9399	3187	6031
972	6425	5284
9946	2768	10478
746	872	7200
1946	1199	6701
5559	1749	9420
5803	9214	6896
5773	9333	2657
1946	3433	10752
10518	10696	1453
5907	5616	3835
6887	11057	8591
6887	972	6708
8367	2561	7393
7313	9812	444
7573	9757	3042
4873	9784	9734
7162	3352	3796
9300	1540	1685
7414	10393	5833
9120	748	8085
6887	4556	7328
6399	5097	379
9399	3187	8975
6740	9394	7146
4873	9100	2118
5559	4801	3551
2569	4169	9240
6887	6529	4569
191	627	553
5445	8180	202
1946	2128	2396
10877	6048	2269
972	9230	9963
5571	160	4020
1138	4474	2122
8367	8920	337
8976	4792	6729
9969	4583	8911
8367	5039	3169
9196	6628	10940
8728	6043	6971
244	7479	1064
6887	2541	9906
9300	769	8760
2195	10511	6253
8438	4540	7234
7320	3365	4992
6616	320	1412
10604	3298	1794
10877	5089	5881
6005	1663	10432
6887	796	4991
4852	3396	1847
1946	1883	10744
9826	10937	1957
4873	2127	4989
10316	3498	2972
2408	2924	3664
2195	9215	1626
7606	3017	9925
8180	4524	3290
5489	6084	10648
2919	4132	3961
5654	6974	9929
4349	2908	8838
1094	1696	9019
8367	1405	7781
9563	9946	7102
4873	9442	7679
4791	312	9841
2181	3518	10850
4037	9795	3137
2919	8070	5018
9399	9347	3356
627	8949	5960
8406	8497	7280
10232	10167	10795
10784	5054	6054
3825	1275	651
8164	10610	6168
7162	4804	10033
2919	9781	7638
6887	4754	9629
10334	738	2559
5750	7648	6471
5445	3101	3635
972	996	9740
9300	4797	9443
10518	4254	120
8078	7415	8078
6887	6084	10155
6887	3187	3330
2195	6084	658
9946	2387	2782
7839	4344	304
444	4363	10108
3181	3919	723
6887	614	1328
2195	1750	2604
2048	1858	7460
2222	595	5809
6490	2346	3525
7573	10440	2125
1230	144	672
7839	3885	8397
10807	11043	4038
7444	3158	5294
9042	9559	2829
5844	3638	2699
7316	3123	3664
6009	7947	4457
4904	6336	72
239	7619	7734
5481	8321	4653
791	3991	1717
1824	861	6473
10348	1918	2441
7405	11008	1718
7320	2470	8115
972	8841	8218
3181	2695	2489
10348	1378	6326
4852	4792	5613
444	8387	5721
1946	5418	7125
2195	10558	9408
5481	900	2268
8456	778	2127
2358	7231	6986
4904	4072	406
10884	96	10962
10401	5509	1111
1652	5230	8154
9826	4858	10728
10401	7704	3561
10784	21	7258
9969	5131	5341
8262	2054	5786
7162	2583	1575
2195	10272	8519
1472	7612	10738
8450	2014	5478
6740	6269	3310
3733	10879	4835
2358	8968	5160
5356	325	6278
244	2091	1434
4852	4792	3179
4488	8346	452
7017	10416	9418
7405	6643	199
3832	9796	3454
7405	2812	10469
6399	3164	6625
4747	8004	10838
4791	8785	7173
6887	1087	2643
7320	3864	1907
8438	9201	10197
2919	5138	9019
7320	1974	8527
9770	1338	10339
8367	9757	6790
8367	10066	5336
2145	3140	9284
6887	9018	3442
3404	10787	7165
10719	7176	9525
5559	10508	3499
6887	3004	7612
6009	7658	1537
2195	2583	10740
9300	150	5660
7320	1244	96
9300	5213	8865
9946	7032	2732
2195	4174	3300
7414	1199	1421
746	3112	4090
2454	4942	5502
4852	4792	8833
1868	9491	10515
2294	840	2192
2222	9585	9811
7839	10857	9810
6887	5873	10454
8831	2812	5282
5654	4764	9851
1374	3879	6146
5654	5663	1300
1230	4208	10440
7945	2512	6188
1185	3728	9962
6616	7129	1557
746	8614	5842
244	962	75
9563	743	747
5445	1799	1568
1946	953	3522
2579	3961	10216
3484	5794	3915
10877	2698	973
6399	6403	2816
1946	8642	912
9300	769	3
4852	4792	3393
2095	2594	2026
7854	9754	6389
9295	759	1657
10518	8615	3412
2188	9439	1446
8979	8417	7748
5654	9166	3664
4873	4945	630
5372	8816	6237
627	3348	10294
627	1067	3991
3630	10499	3592
6399	6084	10871
1094	8015	6477
10784	4792	821
8367	6638	9506
2569	1649	10830
7405	283	1286
9770	8072	5985
9729	440	10937
6887	714	7013
7791	3192	9458
5445	4789	7691
2322	9016	10984
1472	5620	836
2799	1160	6455
2195	10058	580
6399	6732	1682
6009	6565	3566
10858	1188	3844
9938	10036	4149
8164	6293	609
9729	9742	10361
4747	4479	2539
5654	10225	8981
9339	4724	9292
5750	3564	6704
4873	548	7425
244	10162	7393
5372	5268	5678
6887	9857	7614
1946	10757	11062
2145	3635	5962
10348	4370	3552
1318	5270	9194
2294	8384	7202
6887	6320	911
8367	9799	5909
10877	5089	9722
6887	466	8904
5167	10788	6218
9865	5280	7407
10401	1433	9112
972	2768	5418
1946	1631	670
2195	1946	10517
6399	10290	7637
9300	4977	3712
6009	3514	2932
3549	2139	7639
9729	9930	3652
10518	5368	7972
2358	4774	7109
2222	2812	5451
10219	4544	1220
1819	8195	9349
10858	7291	6109
9399	2379	2409
3543	2653	1724
5773	10992	1882
2358	8945	9629
742	142	807
6740	8966	413
6740	4035	1316
7405	5537	7458
2195	1048	636
6887	5447	9431
10518	3941	2469
2783	5886	10165
10184	9072	10161
6887	4804	9735
10604	5688	7051
9260	10400	7407
2181	5230	5853
2195	9320	10451
2976	9876	4983
5834	7146	542
2294	1957	6890
9300	677	5551
6887	16	3591
6399	2901	2713
5445	3339	4357
9946	3245	2001
7320	2683	1054
6399	1281	882
1946	5912	7480
6887	9425	7278
2222	8866	6288
4852	4792	8329
6364	4792	127
1946	5611	66
746	1947	10910
10784	8905	100
791	3301	9076
7414	4248	5451
2195	9808	2881
7945	10356	6600
4791	290	676
10858	6029	7964
6399	9359	122
4873	6543	1383
6887	6594	301
4852	537	10898
4873	2183	1222
9196	3426	7016
7162	2588	7389
6887	5130	427
8335	9757	8608
6887	196	1581
5803	4933	2651
3630	6385	6205
6887	9525	4202
4852	6186	9612
6887	10536	2739
4852	4792	8534
9196	5721	590
5844	10340	4003
8283	134	3664
9770	1878	5487
3526	10819	5936
2195	9224	2971
5773	2180	10349
2181	8125	8662
5445	4059	3639
3404	8694	7378
5559	9356	2153
9149	6084	5379
1946	7813	460
9399	3187	2628
9260	7743	4649
9969	1965	2852
3539	10361	8179
10518	8562	5653
1654	5654	6576
2322	10649	2894
10348	2417	785
1012	195	3381
6887	9369	7222
7414	1960	6782
5803	935	8318
10401	9761	2500
216	1199	1668
9946	8333	1940
6399	1898	4589
1946	8418	910
469	8523	4610
10727	3335	7815
9300	7885	10824
3526	3267	2709
8367	3862	1229
8976	9748	8536
10232	863	2530
2454	9543	8630
7405	1795	8837
4873	6384	4367
7166	8060	9428
6842	7323	4850
5571	76	4064
3181	6397	3237
8367	10727	8714
1946	4681	5259
2195	210	378
187	9834	2660
1824	8454	937
2195	3898	3367
6616	4594	10202
9821	3097	5606
1393	8259	6982
972	7923	6966
746	7049	1102
444	7287	3971
7573	10724	6711
3129	2340	4480
1946	5340	109
6887	3970	10271
6887	52	7829
8367	7714	1761
1946	5654	5087
8367	366	584
6616	7129	5845
1824	7668	7667
5445	3591	1683
7162	255	10241
1652	1914	3258
2478	4696	10518
1654	6312	8804
2195	8013	5873
6616	7129	9389
6583	7619	2311
6887	4389	110
3606	7789	8048
972	11013	6330
6583	3601	3237
10858	1814	5382
5844	7921	7039
9260	9319	5639
9969	2977	7886
6887	6024	5854
4852	469	2919
3733	3658	4973
6740	10057	291
4904	6052	6559
6887	1722	5782
5372	5715	1307
6887	6379	2527
8976	4950	4366
8450	7862	4758
2195	5425	4900
9196	8858	3664
4852	7967	7534
5773	2981	5913
5481	7936	2141
3728	1034	5702
746	10558	1352
5773	3297	1245
4405	950	3267
6887	7080	4268
2195	9494	9641
8145	9625	4794
6887	6084	3291
6887	3187	7536
6887	3004	2884
10784	9377	6946
2919	4752	7416
1946	9190	297
9196	5098	4518
6748	10707	8664
2195	10843	1567
10784	9873	6643
7405	400	4310
9770	3507	5255
2195	3588	7990
2358	7718	10281
752	8309	5259
1946	4239	1892
1472	11035	4359
9300	2875	916
6740	9505	5802
5372	3382	5670
10784	8761	1063
1993	6058	4025
6887	4037	9162
4852	4792	7641
10232	236	10631
8262	4917	4529
10604	599	1074
6399	7021	5063
7414	3213	5469
10858	1966	10894
3526	4766	9592
1652	8564	11020
2976	5112	6016
191	4993	2940
9878	1787	9616
2195	2145	802
746	1073	1207
4852	4792	631
7945	5654	10204
5563	257	132
2976	5688	7585
187	415	6226
8367	4099	8704
5372	2159	9080
236	8425	9707
5489	8693	1915
191	4945	10198
3404	8367	2631
6887	696	7124
2358	10449	2371
5803	10531	4639
2976	5928	3856
6887	654	3304
9969	643	747
10221	6342	3689
10784	9031	9639
2919	4470	6431
5803	5690	7416
1763	5165	6373
1946	847	7614
5773	657	5200
4873	6973	2213
6887	10900	4294
9275	9184	2152
6399	3347	114
3832	3126	10865
9969	6769	1290
6616	7129	9177
2919	7303	7605
7414	756	4983
4873	728	6480
1334	157	3581
8367	8931	8031
8728	1322	6663
6009	5244	138
6399	1086	8137
2195	5589	7829
7876	7283	9625
5559	1632	6438
6740	5760	5795
6034	2073	8867
8450	7619	8337
2195	7439	1268
5372	4074	1801
2195	9390	8508
2294	10815	2676
1946	6666	5100
5773	11020	882
6009	10944	8393
7573	7524	7174
7162	10442	2967
10789	10819	10775
1946	10308	3005
862	2286	6722
5559	4866	9420
9563	549	8982
9300	10735	898
8164	10161	385
5481	5599	9081
8367	10628	8681
4852	4792	5765
1946	3898	6815
6887	3275	4311
8736	6758	2880
4852	4792	6310
8976	7157	2488
10921	6094	9542
2294	3669	256
6887	6252	4693
6009	6159	9697
10884	1834	10742
4834	9092	7111
2195	7721	9476
4852	4792	574
3181	6753	10158
7839	7485	10825
6887	3713	7357
244	1738	1750
2195	6699	1552
8976	1954	7045
4020	2087	7533
746	1874	6164
2919	7436	3852
7573	1364	10218
7320	8039	2315
4852	4792	7499
10518	9832	5001
6399	1228	10170
9300	1540	9502
7162	10140	1091
1946	8230	3143
7067	1082	7589
8335	5431	5759
10858	10505	3044
2195	7258	3083
10348	7259	3227
4852	4792	6995
6887	6812	562
5803	1845	5516
3404	6094	1719
1946	3853	2550
7316	7578	6273
8164	5184	3646
4852	4792	6674
6009	2957	2779
6364	2030	4316
9729	7290	8407
9217	10600	7761
5160	10125	2358
7320	1183	7917
5445	10781	602
444	4962	882
3549	6302	9651
6887	3173	2700
2095	9822	9615
5300	5869	5415
10348	3660	9338
8438	8189	8340
1094	10827	635
8450	28	3248
6887	5688	3701
9300	769	1638
1946	7397	3389
8438	1194	1672
1946	8231	10307
2222	9991	8337
4852	4792	5240
6887	7832	7214
3728	2044	9777
9826	3718	5755
5773	8259	5222
6887	2283	7711
7405	7313	10093
5907	8826	5416
7320	6488	9639
4852	4792	8189
6399	2078	6385
10719	3705	5076
2195	8585	5150
1946	8116	2936
3404	6146	4805
1094	7070	459
3733	7473	670
6887	10839	5002
1946	10895	2888
6490	4643	8773
1946	5093	403
8367	9494	2440
8450	7743	1916
8438	862	6553
4873	3624	5776
7573	2083	1250
9399	144	10668
2919	4720	6439
5750	8018	6704
1993	10237	10773
1662	6795	10010
1230	9494	4184
10518	4496	5414
10518	10197	4061
4873	3412	1728
9300	769	7351
5844	8023	3737
8450	1352	10190
4852	4792	7739
9300	7373	311
1946	5654	670
6399	6618	4312
8335	7963	354
8450	6907	10839
10877	7940	1249
4852	4792	5434
191	2173	553
5803	2627	540
1230	6028	291
1662	8572	5773
6740	5710	4667
9399	3741	5231
8976	4094	8524
2919	9537	5554
9196	7173	1937
5844	5656	8123
2454	4109	10799
4873	1235	1213
7831	8368	6654
791	3539	2205
6887	1767	1906
10518	7898	7301
4873	7430	169
2222	7717	1849
8618	6738	3003
9196	6612	3416
9969	75	3649
9729	5237	11027
6399	7215	10367
4020	10093	6385
6399	10920	10724
2919	8102	5935
2195	4248	10920
2875	4222	2519
2976	9383	2741
9938	5258	3457
1654	3717	6873
5907	6486	4887
7573	8399	5324
517	1199	3574
1946	1289	10517
8736	1191	2373
10401	5207	9629
5749	10110	6596
1946	2256	2922
4852	4792	8494
8450	3393	2999
6887	5288	9201
2294	9582	4954
6887	3726	4214
7414	5040	6712
6887	3818	10875
7162	3789	6422
6887	140	10875
1946	1687	5531
6399	5807	8726
1230	10304	10802
6887	2305	4889
4852	4792	6110
1946	6986	7387
6009	10778	7861
6887	7267	7020
2195	7589	10676
7162	8788	5461
9295	3118	3664
5844	4764	6472
9938	11028	2143
627	7690	4741
4628	817	4338
1946	1968	797
4852	4792	4951
6887	5662	7533
6887	2053	7055
7316	2558	2065
9938	2230	6422
2195	3390	1885
2919	10360	4724
2195	9992	1972
10858	8877	5807
1946	3777	10593
4852	4792	7097
9260	3161	7910
4852	9822	7476
2195	7752	9629
10699	9954	5121
2919	8823	1825
4904	10589	10113
1993	4431	9291
3825	9663	8218
6399	9390	4597
2569	4222	3952
1094	5341	4387
6887	2148	2493
914	8011	5693
8367	3680	4105
2358	2987	2369
9826	7213	6187
3344	2898	9548
9563	988	6772
2195	3896	7348
2919	1315	6202
2195	4682	1626
2454	9294	681
972	8848	10829
10518	3658	4973
627	3583	7227
7405	1904	10275
3404	4337	10009
1094	6390	6698
6009	2358	983
5750	1859	6641
8367	4890	1622
192	1856	2991
9826	9809	9390
7405	3162	6756
5844	2706	3950
7945	6256	9917
8949	6071	9268
1946	5688	2235
1946	9702	2980
3543	3026	1137
7414	4420	1616
1946	9553	3599
6740	5541	5123
6887	4248	8619
10858	3215	7032
6887	3290	7169
1946	7088	8492
4873	705	5010
6009	8732	7027
5907	589	2614
2294	2425	4859
6887	3992	10553
6009	5770	10063
9300	769	691
6887	8540	4141
4628	3906	9309
7945	4343	2208
4791	9220	269
1946	9999	9099
6842	7374	4708
6399	7926	8337
9770	10254	709
9300	7319	8095
6887	8770	10918
10858	6257	9559
4791	2596	1939
6009	9051	7072
2195	9829	9253
2145	5077	9481
1993	6998	7654
4852	9065	819
6406	1412	7618
5773	4867	10037
4852	4792	3933
7320	960	2315
6954	4972	4030
9196	6599	9593
7162	11022	8615
5559	8079	2741
8036	85	7060
8960	9629	2880
7573	6943	4233
8979	1977	7093
1763	9844	9778
5844	1451	8174
10232	5723	1618
9120	3337	1491
6887	10793	4138
3913	3929	6686
9300	2229	4181
7405	8915	1892
1946	1363	7930
5750	6872	6641
2478	3693	10518
6740	5732	3870
6887	7742	6235
244	9162	825
9260	8823	10767
2195	4355	9122
3913	3593	9071
746	9522	302
9770	6244	4489
1654	8803	9766
9300	5213	1071
219	5421	10149
2408	7245	2701
1946	2529	10299
1200	5490	3653
7321	4792	3989
8367	9672	1622
10518	2755	10861
4791	3631	880
6399	7814	7488
2195	10160	2606
10518	7596	8583
6740	5288	7381
6887	9871	3110
1662	4661	8585
6887	3356	9811
5773	1899	1427
8976	2937	10782
9969	7409	10820
475	7031	9629
6887	10774	1883
4873	6293	7007
6616	3798	7528
10518	8521	4520
3022	424	8120
1946	5389	2478
9196	173	10445
1946	7445	4626
8180	9931	3069
10858	439	7228
9300	9390	8122
6009	10078	2111
6887	367	1684
6887	9427	10875
1946	2459	10307
7945	3768	1259
4838	5906	7610
4878	5370	6498
6887	7246	3194
2294	2433	9629
6399	9813	10589
8164	6330	3261
6166	3165	476
4852	4792	8633
9067	6103	1470
6887	344	7424
1946	8602	10111
7162	6046	9732
2195	204	3318
244	9083	5677
10784	10144	9442
7162	4643	9280
2195	10795	9080
6887	8649	9298
4852	4792	8846
6740	8919	5058
7573	8319	5031
6887	4128	9213
7831	6094	6086
444	210	613
2976	2493	4
6399	10143	10514
8367	9338	3510
1946	2647	487
7839	2643	3474
5750	10185	3499
4873	8500	1213
7837	9999	1480
6887	9816	8461
8831	10154	5119
1230	7607	2980
8367	4578	7031
5372	10699	8440
8828	7793	3406
5622	2042	5280
6887	7216	3232
4020	3955	10882
8976	8938	8555
9946	10465	196
1946	3814	10256
7162	9757	9798
1946	353	339
2195	10614	7683
6887	5688	10174
8450	9937	7921
2195	5885	10517
10858	426	5152
6009	7337	6
10858	9039	747
6399	5742	7407
6566	5419	6506
6009	1586	3068
4791	10811	2388
6887	10624	3282
10518	2025	8859
10877	5688	2599
8367	4358	2255
6887	7518	10553
2222	2045	9768
6583	8888	920
10858	275	3690
8367	9721	1950
4020	5208	1568
791	655	2089
2919	8034	8661
10518	8717	7160
2195	4532	2541
9260	8625	7293
5750	5994	2126
6887	893	666
6887	8540	2050
8976	10903	242
2919	9105	7278
3728	8581	7381
10858	9494	9873
10784	3164	2498
6009	1923	3237
7839	8388	9162
4791	2504	8081
9969	6783	7509
2195	5128	7027
10476	9494	5470
3181	9999	10014
452	4138	2312
5773	1591	6001
7405	10347	10787
5654	9390	5012
4659	5770	5837
10699	1602	8158
6887	337	9213
10232	710	10135
6508	2327	2668
6887	6533	1739
9770	5774	7245
3733	1796	789
6740	2565	8184
6399	3640	4380
9260	10997	9864
10889	5315	6297
9294	5856	1157
6616	7129	10292
1946	1415	184
3181	9950	10899
9770	10645	6423
2145	7736	4933
9946	10377	9629
6399	9390	2428
5563	1883	882
2195	9494	6200
9300	6859	282
244	6468	7169
2095	4474	5852
6009	3923	7964
6887	6175	4713
2783	4266	2887
5456	5624	7235
1662	10789	7152
4685	7447	7991
1230	5502	1025
10518	4490	2187
10401	6057	67
7405	9390	5279
6887	7799	645
6399	3990	5973
746	3882	4090
8164	7811	5274
5559	2744	3499
4852	4792	2151
1652	7555	6709
2320	10768	4146
6887	2894	8064
2976	5688	1765
4852	4792	1670
10719	10092	7911
244	6011	2108
9969	8143	10306
5445	2202	6351
2919	7396	624
5372	3852	10974
9826	5072	5480
9399	6686	670
2222	5007	7440
10877	10678	9649
1946	9132	6295
9301	9841	4403
2919	3884	7544
6887	7028	731
5750	1483	3499
2919	8059	9156
1946	3232	357
1946	5689	3506
1946	691	6142
4873	9494	4350
2195	10465	7648
6887	10710	1498
10232	10266	883
6887	8875	111
4852	4792	2772
7320	769	250
6887	7034	1177
1652	7021	6866
1824	2786	1362
5773	9460	96
1230	144	7993
2195	5048	8781
5773	2368	9804
4852	4659	4868
9770	3241	6156
7573	9879	1250
5559	2007	6357
10884	3186	8404
3181	3650	1626
862	31	6467
1946	8229	5643
5445	4982	7325
8450	2635	9946
5481	7423	2055
9120	4987	9489
2799	8548	6346
4838	5642	10387
2919	8780	4329
746	481	10974
2195	7570	10938
1946	167	3664
9969	9179	5082
8367	10074	5677
2358	9227	9106
10232	8892	695
6887	10299	4268
2919	7158	3842
1946	1351	9807
10884	7802	8717
1946	8357	10243
1946	5198	10391
7876	1282	492
6399	9599	2157
7162	3783	6185
8976	5574	7694
7839	173	4440
1012	11018	1923
2783	9827	4983
7320	6112	8354
9729	5688	2029
8367	7713	3359
1230	7596	10580
8976	4645	10670
2195	2604	10570
6887	2054	5829
2195	2164	10570
6887	1032	6664
6009	799	1708
8151	8449	1655
4791	1115	8210
9946	8333	6931
10087	3925	8318
10784	1382	6626
10604	3032	9618
1946	5349	6415
6887	4233	6901
9946	9494	4376
5803	5025	3446
2358	10655	9629
6399	7334	10170
1946	6775	3670
6399	7758	9314
7320	10561	10577
1946	10741	6748
746	764	913
4802	10493	6661
10401	5030	10298
8976	6329	5832
10401	11037	8935
7831	999	8856
1946	4651	9122
2919	1022	10537
3343	4637	8284
10401	1882	3455
6887	5897	255
7414	10225	5706
1230	9494	5788
7320	1831	10577
7162	2694	10897
2976	7043	6206
2195	9258	10118
6887	9114	2888
5773	6579	2140
8456	5374	6030
4791	4715	9630
6740	10966	7647
5773	6525	7703
4852	4792	1594
1946	9390	210
5844	5000	6734
9946	10202	6249
1946	7309	1377
1824	1857	9413
8450	8300	10464
2919	7303	4924
3728	810	7930
6887	5792	10315
6616	1911	4534
9969	6626	6080
1313	3559	6261
5803	541	10421
10518	548	8020
4446	384	5256
5445	1761	5706
4852	4792	10049
2358	7201	9238
5773	5295	5550
6887	737	1740
10507	1626	7431
3181	10237	3456
2195	4852	6522
9969	3089	1108
2195	72	4829
8648	9962	9874
10334	10803	8318
1946	8451	10717
5563	2339	5773
4791	4563	6023
4287	4086	10703
10982	851	7736
2222	5428	1695
7414	9335	2226
7945	126	10264
6616	10145	3374
10784	545	3123
8180	8279	4319
6887	202	5770
3630	6369	10320
3733	412	4905
1946	4494	10074
4873	7706	2569
6009	8112	6585
8367	5334	9120
2195	45	5333
10518	8454	10439
4791	5688	4715
10354	5312	7117
4873	1198	6480
6009	3799	6817
6399	1883	3739
2222	6094	1407
5773	7982	10400
5773	10876	8408
8976	8600	3857
1433	4053	9144
4852	4792	7970
2574	10493	5698
8367	3265	1013
1946	10593	2147
5773	4070	9898
5165	2594	1777
8514	2443	3062
2145	2953	7775
8976	7456	8568
10348	1879	4251
3913	4788	3730
6887	8411	7112
884	5115	4148
4791	6490	438
8438	1744	9008
4405	130	8957
6009	9341	3664
8367	4799	10721
8367	7492	3874
746	10007	391
10232	4951	1370
1472	4384	9464
746	3725	5162
7405	7163	5982
2195	10698	9499
8450	6818	3713
1993	9910	7198
1946	3187	4535
3181	1888	1406
6887	10514	8187
1946	7481	912
10784	2627	6054
3539	3907	8072
9120	930	7913
1946	10978	4031
6887	9494	3517
2222	1995	662
746	1149	8798
2294	6084	658
6616	7129	3373
10784	3573	6979
3850	1305	2759
1012	10960	1297
9300	10338	10565
3338	8517	5074
7839	9973	7594
2976	483	5260
8450	6676	6682
1946	9578	7123
6009	1547	4053
1094	9334	7780
10518	8714	670
10518	3849	6164
8367	4840	8892
7162	4216	7128
2919	9173	9950
10518	5199	3815
1334	5657	2514
1946	923	10547
8078	5130	11037
7162	9494	5132
10232	9482	10535
5372	9963	3846
6887	9758	7383
6490	2365	4966
10518	4525	3999
7945	4285	10794
8736	10960	8396
746	4877	5895
8960	2365	4776
1946	9999	7183
4020	6766	10898
10889	9216	5943
5481	6234	4902
7320	8436	2931
1946	173	7880
3404	2490	173
5803	6237	7682
5773	5147	7975
8828	885	9371
6887	10650	5999
7414	10352	3617
10401	1713	7774
10518	10930	7791
5950	4902	8407
5803	1948	7416
9969	280	10528
9826	1677	1740
746	11045	982
9946	5425	7572
10784	3966	7416
4020	5272	9629
10518	5793	4872
10518	8179	7542
10518	7915	2830
3733	5326	4324
2799	7268	4652
10232	1753	4915
1946	4981	2012
6399	6593	5319
9969	1364	10407
4873	5685	2241
10784	9940	5780
1946	7984	9705
6887	858	2886
5841	2943	2296
3404	1098	10071
1946	4897	5638
8367	403	10618
3484	869	48
972	9793	4948
6887	8540	4670
1230	1074	8427
7162	4940	3350
2574	9026	3253
8438	6319	8740
714	4513	5476
4405	962	1262
10184	1981	2890
2195	4499	1682
2919	9781	5608
1946	2525	2042
6399	9813	596
6284	323	6308
2919	2542	9506
10858	1437	1116
8367	3057	769
4579	10177	7416
5750	1171	4435
191	9779	6959
2222	10343	1109
6887	859	3401
746	9276	6547
4904	7886	4209
746	1008	6139
5773	10519	10199
6887	5361	9850
2195	1435	3669
9196	6094	3046
9969	6267	5583
6284	3222	6358
4791	8251	7909
1946	1123	2522
10232	6899	2892
4873	2227	5623
6887	8946	8255
9260	2932	2968
10232	6957	6858
10877	4792	2984
2976	2842	3631
2294	1586	3582
2574	9434	3216
1946	6939	7998
2222	7103	9169
8262	4109	9609
9120	4049	8288
6887	10650	3175
8335	4420	4611
3832	8847	3671
10719	10661	6478
6895	4191	1247
5773	5930	894
6887	1937	7055
5247	7165	208
4852	4792	10506
2195	8845	6905
2294	4719	67
4834	5263	8632
9729	11047	1541
8367	3867	731
2976	4046	7024
2195	2088	4710
10604	6094	11017
5372	1044	3160
1946	7520	9357
6009	10871	4486
219	10667	10000
9969	4911	491
10858	7448	10854
4747	401	2471
8111	5249	6528
3832	10764	3872
5350	9523	1852
5563	2530	10578
201	9788	11035
9196	2748	8557
1946	2583	4907
6042	7683	452
6887	3930	5588
6887	521	4453
9196	4246	7443
3181	26	4382
4873	10478	10345
4020	10971	11061
5750	3137	5775
6887	2731	2672
4628	6739	7039
1824	9186	8389
7945	5748	9736
1824	9595	2666
1334	8615	4896
5445	2049	2851
10877	8291	10584
7017	10416	3620
1993	3788	2185
5773	1742	2162
7162	8653	6246
8450	7839	7671
10518	670	6105
2095	8336	9773
2454	5106	5327
5654	7816	10442
6284	7241	241
6399	4882	1682
6740	7802	7076
8736	6444	245
6490	5066	3404
2195	10362	3670
3404	648	10090
9826	6817	8422
6887	3488	9008
5445	10989	3540
5372	1081	9895
6887	9284	7260
9300	10437	5713
8111	5553	5485
2294	4061	8025
3338	3038	10657
10604	2938	8192
10784	238	8354
7320	2725	3971
6740	6636	3092
1946	5296	8201
2222	5396	10953
7839	5654	2007
2195	5019	6253
6684	5858	7074
7162	3793	3693
2919	2499	6294
2195	5095	2417
3404	6618	5745
6887	3535	10010
6887	9318	5883
6009	5743	7751
2195	7068	512
2195	5688	1664
475	2096	9624
6887	7253	10897
5844	8922	2411
9300	811	7838
4020	5941	9629
1393	8962	2209
5372	5756	7746
10784	4960	10417
2195	5540	7765
5559	3069	5406
5445	6458	8613
2454	6848	1233
5372	9899	6062
9300	769	6660
1946	1058	10517
6399	2055	1548
5803	1307	6054
6009	181	707
3094	8380	9608
2569	868	6651
2919	10997	875
5773	4144	7083
670	1399	5889
5445	8415	3271
5372	7212	10782
1946	4927	10570
2454	5959	689
8367	10977	7287
6887	9494	1759
2195	1350	7479
1662	2533	5773
9969	821	4368
1946	961	2937
8367	3318	1444
7162	8235	4224
5773	4476	8319
2458	9422	6138
3728	7385	8177
2919	9494	2695
10884	312	4912
3094	6094	652
5844	9495	101
6673	4196	2496
9301	4385	10870
7320	2141	3692
6616	3242	4357
2294	9837	1600
6887	6270	5101
4873	2012	7980
6399	1532	5152
6887	4341	5770
2195	820	5221
9770	5187	6885
8367	598	4509
3006	2120	9500
5750	3754	829
6616	7129	7323
5445	4160	8609
10719	2993	4329
7573	440	5426
2195	1358	1809
8367	5980	7123
2919	10763	396
201	117	2194
10518	4041	10456
3094	10558	10559
4322	6104	3664
1654	1090	2068
2095	7726	5894
6009	9053	3466
1946	632	8053
6887	616	919
1824	3234	3196
9370	9742	8432
746	2743	9629
5773	1746	4705
9969	3275	8790
1946	331	2679
5750	10432	6704
10518	8454	8439
6887	7521	9162
2799	618	3346
6399	4533	1682
10518	3536	4711
244	5909	5214
1993	6093	3664
8450	4152	9086
6887	9339	9621
10348	8163	5599
10219	3302	5183
3728	5557	9629
2454	5177	9757
5425	10493	2022
9969	10555	2196
6399	8	5596
7162	5396	3478
9931	8004	6617
10348	7883	5631
8367	1109	10282
2919	8153	7823
3181	9390	9761
5773	5311	10818
9399	4182	6791
8367	9104	9753
10604	8496	8623
5773	158	10138
7876	9591	7156
6399	6541	5732
2919	5789	9002
7414	7796	10888
4834	3691	3662
1946	1528	357
8976	652	2107
7162	4940	7412
5654	5002	5547
9969	9757	756
5372	10137	3251
4852	4792	10193
6887	7809	7510
7520	772	3106
8164	10417	2218
8111	542	3320
9770	4330	5109
2264	7035	6785
9300	769	6527
4791	3985	5080
7414	5976	9394
8164	10885	10703
8976	2160	4160
5445	2878	4393
972	3701	1626
8728	5641	2944
6009	5342	3087
8283	5716	7877
4873	2864	10205
6887	5316	9030
2395	5692	7393
8831	4955	686
5571	5164	7238
3404	5915	7304
6740	6145	3660
1946	10217	912
1946	8942	10853
10232	223	6181
5750	1536	6704
10316	3501	8191
7320	5397	9469
8367	8339	10897
2222	6945	4612
5773	2594	4541
546	10920	2789
1946	1003	6473
7839	7302	6380
7320	5918	4413
1946	4642	4931
1946	9999	6024
4791	3528	3986
6887	10414	7958
6887	11044	728
9865	5387	10146
7162	8778	420
6887	3196	86
10518	2025	4786
9399	9550	3032
6490	1006	8506
8367	2051	6647
4852	4792	1372
7831	6094	4803
8074	6071	7554
10604	9377	8973
2195	1128	4606
5456	6071	1261
3913	10084	7030
1824	258	7791
8910	3600	1317
10858	2580	9821
1946	4222	10570
3728	10603	3922
7313	10250	444
1993	8498	3713
10401	3594	10569
746	6386	4508
10784	8933	2565
1946	6430	460
1946	3350	7390
3343	6094	3948
10232	6899	4688
2783	7207	4857
9853	4220	10897
8367	1952	8492
2919	3589	2919
8180	1209	6537
9399	769	3356
1946	179	8886
6887	10456	3145
10784	10290	3894
1946	487	1728
7162	6431	3431
2976	4677	1062
5022	2666	3244
8910	10579	10091
4873	5547	8292
746	8810	5895
746	5952	291
10348	4725	9674
2195	10908	8903
8979	2278	8447
1946	1646	6422
1946	10450	5706
2195	7161	9116
9770	3692	2733
2195	5688	11
6887	6618	1152
7162	9494	767
2976	4875	10887
2919	6138	3975
6887	3391	10426
6887	3034	2134
742	5396	6624
10518	2421	444
216	5396	5254
1946	4322	2983
4838	5969	3284
5750	9980	3119
3728	46	11035
10232	5166	695
9946	8076	1610
7162	1705	455
8367	9673	4256
7573	528	10820
6740	5288	4075
972	784	8136
4852	4792	9198
5559	9494	8102
8831	1666	5053
1946	3387	3614
1824	8240	1530
6740	3792	9069
2919	8925	10575
216	548	8880
6009	10856	4132
2222	218	5790
10518	7002	10797
5654	173	1420
9969	7755	5427
4873	5812	8468
8335	189	9766
1946	374	551
9295	2978	1357
9969	6329	5201
7162	827	7026
5773	8576	5943
10518	10986	3664
9946	9898	339
791	2477	4463
9826	7972	7617
8960	6172	8193
2222	10587	3540
10699	5592	9374
6887	5873	366
5803	1915	10137
9294	2447	3410
3850	6757	9754
8367	4340	4475
3343	59	1723
1763	2335	7899
5750	141	6704
8976	8048	25
7162	1199	674
8367	328	5701
5489	6418	6901
7573	7438	4144
5773	311	9719
6887	2035	7694
8367	1869	5677
1946	9696	4571
10401	2019	1454
7320	6532	9639
9770	4314	9766
6616	7669	3253
6887	2114	10297
7876	3987	5886
4579	7983	6536
627	877	4733
6887	3275	2445
6009	10304	1903
3830	10180	5064
7414	10257	10312
444	5130	31
2454	5440	7683
6616	7129	8259
1946	4291	9253
4516	1317	7792
6399	388	4250
5773	3479	5198
6887	1767	949
1946	562	8750
10518	5831	1037
1824	9860	3011
10784	4922	6806
7162	9043	23
2454	5262	3443
2195	4573	7533
9969	5400	8087
5372	391	1120
10518	4245	6164
6887	6084	3093
2294	8843	4406
9946	1690	3670
3404	3496	5212
7444	8680	10040
4873	9649	1724
1946	5527	4519
5372	5409	9080
6740	8701	10837
6887	8540	10388
4020	7911	7215
8164	1657	665
10518	3586	8936
9300	9500	1874
9260	8990	8946
2358	975	9106
2222	6458	8220
8367	7323	9343
1662	8337	5142
5445	9999	8617
3606	5151	2067
7405	933	9321
9300	769	8984
8367	1136	8666
7162	10574	1692
10232	6261	9511
7839	406	6449
7162	2689	10144
6740	4434	2569
1946	3251	6898
9067	10683	6857
9399	3666	8574
746	2090	7233
4852	5009	3664
8111	5948	3254
7162	8283	4573
10334	6071	266
9770	8835	8999
2322	5364	452
7876	9477	3506
5803	2899	3916
8262	6198	10134
4873	4109	6783
7405	6819	3369
6399	10493	1279
8976	3217	9154
2195	8545	7255
8367	5320	244
2919	4996	9245
244	5636	5942
10518	8160	5438
10221	10493	3253
8367	9228	10678
1946	1199	5410
6887	5554	4483
972	10971	3349
1200	5718	10336
8910	6087	3289
4873	10157	422
4873	5335	5093
6009	9525	8576
6887	2508	2584
5773	2232	9804
2195	2586	1255
972	3072	2252
10784	9780	9639
7313	8792	6111
2574	9539	9629
2095	5788	10396
2222	9757	9414
6740	4440	2061
4791	2572	4698
2195	7424	4449
10232	5814	9456
8537	6094	9264
9300	9887	6442
2515	8004	2239
10518	5921	4973
2322	10209	3025
244	3914	1691
7162	5432	931
8960	3535	3362
6887	6370	3775
6399	9973	8658
746	356	1850
10348	1659	6246
3181	2880	2693
8164	9311	7132
6312	8522	2149
7162	7319	7465
972	7006	10626
4852	9612	10067
9946	9751	444
6399	5956	6400
2569	79	2725
10232	1751	9951
6009	9154	6150
5481	3024	5372
6399	214	8008
6887	337	4958
5844	3537	10761
1946	2642	6143
3733	4060	8178
5773	3039	1549
4852	4792	3856
6887	3275	7490
8367	6100	5134
9120	1522	6009
8367	10596	3780
8367	2431	5677
7066	5688	139
9946	9494	9678
9563	7227	1499
6399	7502	5964
10784	9960	3571
1946	6778	6279
6887	10155	9681
5372	7338	4522
8367	6783	5944
6887	4190	7999
10127	2099	4409
1946	7996	339
5803	2340	5630
6887	9178	775
10889	229	7553
10518	3399	4608
2395	10983	5897
5803	3455	3773
10884	8540	4591
1946	315	2887
6399	7021	10413
746	2560	9134
3484	4889	1309
10784	2317	1820
6887	32	10001
6399	9494	7782
4873	6005	981
7162	979	10052
5750	2448	10274
2195	3435	2881
5803	2071	6389
6842	4547	1517
8976	6838	128
5803	3262	769
6887	3500	4721
9776	899	4110
10518	10478	3710
10784	2180	2540
9969	4	8471
6887	9147	9907
2195	484	3826
2195	7860	7790
2195	8853	2939
1946	775	3780
5803	3410	6054
8438	7725	4523
1946	9434	3882
9770	10251	5251
7320	8675	10899
3728	5959	10822
10858	9330	9917
2195	6254	1626
4852	4792	7043
4878	5835	2429
6887	9734	5442
10784	7056	7311
9067	8544	813
8976	1986	9564
4405	2720	5953
6009	5688	4381
3484	8716	8972
599	7013	9296
6887	6266	10663
746	5591	2862
1824	440	3463
1963	2445	6149
2454	10241	7533
5773	9890	10208
6887	4146	2944
6887	2268	2885
6740	1508	10763
7451	1199	4062
1314	9517	10513
7414	9364	3965
7162	7695	7829
8164	10351	1505
8074	4390	3898
1393	2182	4995
3484	9600	2155
1200	4968	7983
5654	9555	9851
9969	2501	6773
8367	8512	10755
4852	4792	243
5372	8261	450
10348	9326	10951
2454	3382	2077
5654	9948	5337
8728	2812	9017
5300	10558	4524
6887	3275	6480
6399	9593	2157
1946	729	9122
6740	291	7055
7162	1130	3804
6887	4795	9774
1946	6571	7246
5456	6071	5251
2919	10297	835
2783	744	7343
1946	2594	1955
2976	10957	1038
4852	4792	5760
7573	1617	3413
4852	4792	3879
6275	4014	6394
4852	4792	145
4551	10541	6464
9969	3648	6585
8976	2311	5046
7837	7641	2374
9196	10459	6485
7320	983	1393
3606	6428	5535
1946	5536	6348
10518	9167	8029
5445	7503	3664
2322	6693	8594
6275	5281	3800
6887	4190	7979
7573	5106	3447
9322	9172	4885
9135	9473	10161
4616	2815	9848
10184	10497	1771
746	696	2761
6399	3469	1104
5750	2197	6704
1993	9937	3861
9969	876	1197
1313	6009	1002
6887	9944	8690
5773	8136	2779
191	10846	7565
2783	7532	4426
7320	1248	6963
1824	6951	8049
9969	10017	3039
4791	3015	1698
1946	267	8116
5773	6329	1779
6009	8744	661
2195	5260	10517
10518	7596	8721
5750	5144	3016
5773	3383	2901
6887	275	357
4852	4792	10183
7162	8156	916
1230	9598	9657
9865	6237	9014
1946	8401	10293
4873	10599	1188
2195	419	8877
3181	10482	4560
10518	563	9595
10789	2464	10338
5773	2594	284
7320	1716	10528
9969	6437	8139
2919	2747	7477
4852	4792	4309
3750	8202	3235
5773	3413	9804
6887	1469	6962
6740	10355	3379
5372	1605	8108
5590	10704	7847
7320	10970	4521
5445	9894	1211
2195	6633	339
7414	6618	2513
3920	6071	1891
4873	9757	8403
1993	1786	5961
2919	8727	10386
4852	4792	3028
1946	300	9122
1094	3251	5708
8831	10226	6528
2569	2203	8672
7405	2177	3147
444	10064	8653
5372	8790	8745
2195	10657	9075
8976	3642	3247
6887	354	514
1993	4431	9631
9399	376	1547
6009	5023	7895
2195	1981	8590
1654	6647	3715
10858	2347	6800
4280	7185	4027
10518	8454	7764
4852	4792	9161
191	2510	3664
9969	1860	10306
2569	2914	6082
9770	6497	3430
10784	234	731
6887	9760	8341
7405	6847	7829
8164	5106	9932
1946	2611	5179
6740	769	9818
6399	10381	10449
8367	3799	1354
627	9376	993
2294	10654	3785
3404	9934	7670
8367	6293	10737
7316	135	2163
2195	3220	8119
7067	4264	3116
7162	3187	9594
9196	1015	2160
6887	7877	3613
9300	5156	4071
6887	9583	685
6887	5909	7934
8164	1461	2884
2454	1342	3258
2195	2800	3780
8842	9371	10897
10930	712	47
9969	6942	505
9300	9900	1597
9969	9947	8391
2195	1060	10094
5803	5332	3664
1946	6094	5681
3404	5191	9668
4878	423	8807
3484	9868	6006
5773	6037	5657
5559	6153	7978
6406	10374	384
2792	4730	4826
9946	8997	4897
2095	6084	4874
2454	2851	10534
6887	10888	980
3181	10113	8553
6399	9130	8131
3850	5291	4583
4873	6853	628
9260	10681	4596
6887	5824	6122
2569	6913	3106
746	2753	7657
1167	4466	1235
6887	6671	9557
3404	8275	8676
2458	3604	1095
1824	6650	1362
7573	10276	616
6887	225	9519
1946	7513	6486
1824	7319	8328
2195	9494	1615
5372	175	289
2195	884	2051
6887	5246	4268
6887	3713	7569
6616	2455	2207
5773	6170	9804
6616	10349	4456
9729	9494	3071
1946	9434	9851
4873	1735	4879
6399	1898	8674
6740	4440	7053
1946	6618	9971
8367	2696	8934
1824	9191	5629
9196	6471	2331
6887	8951	5634
4747	6071	5387
1946	7803	10517
6009	3080	3374
4873	978	9456
2222	2953	3294
4852	4792	5023
2195	2163	2195
161	4994	6342
1946	10829	8844
1230	9494	9494
7573	5833	4972
6887	1669	2857
6887	660	5565
746	3716	9629
8283	5853	2885
1946	7076	695
8367	9390	6798
8960	2042	9872
7839	7829	4385
8450	10592	9365
5907	3883	9665
2919	9647	6371
5622	4271	7587
5750	2620	2485
2195	7826	2903
10530	5962	46
6887	9188	4504
6399	730	8571
2195	7750	1293
5773	9243	9436
7162	4935	4334
5773	5427	7966
8367	9054	9080
6887	3235	7086
6399	3639	2662
6887	1660	2920
4322	2890	5780
3181	3998	9288
9399	7113	2140
9260	2733	6993
5445	645	7743
4834	1110	8769
9969	690	10290
746	5578	3269
1012	3447	269
6887	9141	1325
6887	9888	1385
7162	9547	2883
4852	4792	1733
2095	3541	7207
6399	5646	1682
2358	144	6427
8976	2042	2664
1200	457	3857
6887	244	8341
5445	7730	3570
7532	6002	2491
7067	1375	6074
1946	10619	5132
9969	10835	1479
9120	6087	10083
4852	4792	6145
5445	9346	10898
9260	7671	3314
1824	1783	10065
9946	9176	7158
7162	104	10852
10518	2112	5905
10518	5713	8049
6951	2774	7863
9196	5654	20
2095	1905	9318
746	9023	1707
4834	9525	4823
9300	769	9098
8367	1850	7089
239	9594	10828
5160	9236	3197
6399	7217	2903
1946	9494	10946
7791	721	2882
8976	1987	6402
9300	6130	3664
7414	10271	9674
1946	1543	912
10401	1249	10626
2222	8353	6383
2195	1526	4788
2978	3779	4414
627	1456	5669
5590	9494	4225
746	1349	10236
1946	10307	9524
9969	6899	2002
7405	488	670
3484	2675	7833
7405	4926	10475
1946	4755	1626
1946	6180	8136
5803	2164	10417
6887	6289	1134
6616	7129	2023
1946	6082	9286
10518	10935	2357
2195	7089	1892
8367	940	3510
746	5521	3780
10518	5959	9983
3728	4812	6571
3404	10920	2665
746	5877	444
244	4731	9398
6556	7917	9797
6887	10887	7615
10784	7475	486
1946	8185	4209
4873	7154	1812
8367	6081	1479
10232	6506	6283
6009	10076	9283
6399	6466	329
1824	2865	7188
7405	6225	7824
746	7407	5453
10348	9535	1170
7320	9494	9162
6887	7131	4986
9878	5783	10650
5803	1983	3381
10232	4593	4329
7320	2974	10957
6887	2731	969
2458	5261	371
5773	413	3985
2195	1629	10935
444	727	10279
7837	9999	10548
4873	3299	5401
1824	440	9371
2976	7965	5915
7162	10855	822
2294	5220	6580
6399	10976	6941
2132	3141	8287
4873	4749	4538
2919	8045	5111
7162	1689	8653
8976	10624	6314
6887	9610	5483
5445	4174	7668
2195	6844	880
8514	7683	10022
6887	890	1574
6009	6228	9137
8367	5281	1391
5750	6698	6704
2478	6911	5557
10348	451	7901
6616	240	2365
742	6840	1281
1393	1339	6277
6887	5276	6282
1946	9828	2260
9300	7114	3715
7839	10530	7512
6364	10616	8657
4892	132	225
2195	7935	9629
7201	6094	3516
1946	6248	5706
9969	6485	7537
7876	1144	6123
7162	6266	901
2222	5825	4151
5773	7065	1037
2195	5550	2712
187	1961	10429
3728	3354	8005
1946	7453	3247
2976	9434	3518
6740	3621	4510
8736	5608	9165
6926	1303	1436
2515	7100	9376
2195	1397	5307
2195	7511	3572
1763	568	10511
2569	990	7841
457	8903	8435
1824	929	3256
1339	867	3015
4460	2239	10781
2222	2045	6891
4873	4817	452
5611	9525	8718
546	10832	8477
7320	5478	8610
6399	10643	1682
6399	402	9386
6399	3113	1682
8367	548	5580
3679	9439	721
6566	10861	8883
1946	538	6304
10889	9631	3120
6009	10899	1367
4551	1502	10073
746	4785	3269
6887	1887	9383
8450	9926	10381
5750	472	6704
746	1073	1705
5456	5628	7618
10784	10282	8922
10232	10751	7829
3404	7267	2171
2799	618	8354
8438	10687	7614
5803	5640	5756
6887	6489	980
2919	10452	4179
627	5523	6344
1946	6618	2049
7162	470	1004
7316	6930	2060
4904	725	5704
6740	1216	4430
5773	1650	882
2145	2953	3200
6399	7155	5404
5773	10963	2032
5590	769	6809
8736	9203	8884
1652	776	699
5445	10062	4500
5844	3789	3189
2195	6187	10593
1946	2212	3775
2195	6553	5118
4852	455	7906
7162	176	5581
8367	4980	3549
6399	3831	5974
5372	10398	1675
2799	7075	10588
10518	9120	444
2294	9396	1443
9339	5658	9160
7162	5142	8689
1824	10199	1529
6009	4346	3534
7162	7073	5414
10699	6405	9962
10401	3047	7522
9770	3273	10359
4873	5398	2794
3543	9131	5127
2875	4210	3664
6399	2499	5303
10604	8157	6054
701	6094	7022
3606	8962	4743
5773	5725	1503
10784	8604	5259
1946	4865	10771
1946	5102	10876
6887	51	2091
5481	6427	8452
1946	6775	2605
4873	6438	10108
9826	1586	1040
7162	9587	5088
6887	6084	10470
9969	9662	8346
1946	4072	5789
3181	6401	7240
2195	9160	9641
6009	3836	3078
10693	2812	248
8976	447	7527
6887	4022	4798
9399	11025	10917
10674	6311	10488
5773	1913	852
2875	2812	653
5559	7350	5750
1993	5671	9411
5445	489	1157
3733	4843	9648
10784	7021	5926
6887	5959	3715
8831	9661	6782
8367	10471	7925
387	6458	3248
10348	352	3100
9300	8137	2361
7444	859	8027
9938	6094	304
6887	5676	8838
10518	3014	2464
5372	962	11058
5654	548	8890
5425	2236	11047
6616	6484	1971
4873	388	7341
2195	866	7948
2358	8454	272
1824	7623	1035
8367	8193	10447
2454	3340	1684
5372	1330	2467
1993	1586	6622
10401	562	3519
1993	5052	598
6887	2395	7112
5773	265	882
1269	8881	6587
6399	4955	10422
1993	8026	11000
7405	902	5178
2195	1444	8834
6616	10648	4333
6284	6189	7788
1946	9994	828
10719	2806	3893
6887	2940	9443
6740	6145	9404
746	3208	6992
10784	3993	6483
8438	2056	3664
244	2114	5219
9821	284	6231
1946	351	339
6887	2594	6715
7414	3069	8064
2313	4395	1319
1946	7633	2741
6490	6153	642
10784	69	6994
10858	6237	7969
10518	10935	3041
7162	5940	6028
191	3742	6043
8736	10328	9262
746	7015	2610
1334	10871	2392
2569	2919	1359
6399	2613	3479
746	1760	2355
8960	5517	7205
3181	9999	9531
10518	10856	3756
10518	4150	2671
5559	9494	6077
6399	1474	9413
8450	2428	7829
4852	4792	5365
5445	8343	1052
444	1001	6376
7876	10637	10586
5773	4197	9048
10719	6576	10372
1868	3297	3503
9969	7754	6094
2195	4077	8169
1946	4411	1211
8831	6094	9812
8450	8481	6920
10348	1439	4016
6887	4883	2493
2195	5829	4312
6887	5810	1673
6009	6039	218
9729	2919	2800
6009	3544	9678
6399	3451	8899
7162	9494	669
6566	2117	7253
7876	7706	2804
5750	3331	3499
5773	4589	4356
7321	7021	9700
8367	9628	10678
1824	9111	8359
2919	9494	8567
627	2195	331
1868	2225	8487
9563	8191	8496
9967	2490	5937
5356	6328	2206
6887	1827	5276
2574	2812	10905
7316	7950	2370
1946	8280	9183
9439	4540	7640
8363	7625	8318
6399	146	7614
6399	6202	7442
1946	7048	7613
8728	8416	95
9946	9254	1048
8976	10576	727
6887	6890	2493
4852	4792	3578
1230	8132	1257
1946	9361	2083
3606	3096	4937
8976	10172	6263
6740	4440	7575
8960	7411	7698
972	3454	10131
6661	7604	134
6566	6987	7437
10348	9209	7027
7162	4656	6029
3733	6084	7598
8335	3040	2933
2919	4019	5648
1946	6905	5791
4873	8218	3064
10699	5213	3664
4791	4306	7915
1946	9268	3225
1946	3011	2036
160	8626	426
10807	10484	8445
10784	10147	6996
1946	2724	1451
8910	8791	4091
6284	649	4619
2195	6322	5706
6009	6071	9308
2943	9658	10786
5773	4970	102
6399	10771	6261
8976	3964	4054
4852	4792	6564
10518	769	891
2195	3898	5739
3728	6099	8963
6887	971	7875
5445	6613	7215
10789	882	4674
6306	7738	10434
1946	93	3795
7320	3569	10313
1946	3422	580
5445	10069	10881
10530	4384	8397
6009	2233	7055
8450	1225	11043
7162	255	3764
6399	5586	5107
10087	2134	9614
5997	8269	6687
9865	8338	2190
8450	4792	10718
2195	4419	9629
10858	4821	4118
4852	4792	668
6887	8296	9600
5750	1719	3970
9969	8289	1709
10348	7319	9984
4852	4792	9005
746	144	2037
5571	2582	10092
1654	4028	8864
1230	5359	6016
2095	9875	7926
3526	7325	8505
7162	4496	5414
2976	5251	9082
191	6395	10474
244	8540	2534
8367	10817	9959
6009	6986	2642
946	2627	10159
7162	7218	897
1946	1477	2730
1946	321	1626
9969	6291	9951
3181	3018	10997
6009	6722	5922
10393	3632	9553
1946	6354	10570
9196	5567	3247
746	4224	4242
444	7265	6389
5803	3898	198
4852	9243	7342
8450	3174	7783
2454	4875	610
6740	4078	1546
5750	3839	7640
1946	9495	5978
7320	4438	3045
5445	3819	3317
10784	599	7924
8438	5764	5645
8363	4988	7489
4579	3045	6272
4852	4792	7728
4834	2408	7762
3728	10558	4909
5844	7137	3674
8514	9390	8923
6399	3308	2946
9300	6880	8815
8450	9870	6055
6887	6719	7222
9399	2804	10984
6887	11044	10458
5773	3814	9804
627	6394	8676
4852	4792	4378
6399	4804	7304
1946	4998	5914
10348	5269	1622
6887	9354	9298
7451	5428	4876
3728	3577	4380
6887	2044	729
1946	4312	2985
8367	9895	4946
144	7090	767
8976	2710	7615
6740	8667	5911
1946	9502	6285
8367	8490	1950
10232	7536	5299
10518	3586	2142
4873	4878	5308
7162	2391	291
1946	10246	9265
10858	360	10858
2195	9571	3914
2976	3084	2211
5563	5694	2170
2294	8064	468
8028	567	9173
10518	5158	2461
6887	6087	6404
7414	4665	7460
7973	5688	7696
4020	2657	3875
10232	464	6347
4579	2687	7039
8438	3163	6599
1946	6137	5170
10784	273	571
4873	2183	4094
1824	1168	9143
9300	445	10972
4873	8792	2798
5300	152	7190
6887	3187	9176
6887	6109	1236
1946	8514	1947
8367	1565	8423
1946	4332	7231
2976	4977	8105
8438	3270	4932
2919	7303	1324
4852	4792	2376
1963	6179	4294
2919	1022	294
4852	9149	9582
6887	5395	5988
3728	8646	7576
10401	10033	10766
7945	7021	2979
9946	6877	3780
7162	3187	10690
4873	1735	1553
6616	7129	1877
3484	1691	4456
5563	2429	7755
6399	201	1548
7316	8751	4296
2976	3578	7658
1993	2229	9117
6887	1136	7222
10219	4990	2291
10334	4385	8665
6009	10689	2856
6887	10623	3671
7162	3187	535
2515	9158	8976
10518	6677	4749
9196	5215	10134
9067	345	6387
6887	4248	10263
2195	5693	1344
7320	10659	941
9260	3246	6875
2195	8250	2885
4747	361	5794
6399	4250	102
6887	1240	4743
6673	8773	861
6009	9525	1144
3484	8030	8219
3404	2963	4038
2783	9809	1274
791	5858	4967
6887	10995	8248
9969	9015	8079
1946	9493	4380
4037	3214	7702
10976	9524	7877
2195	3658	4973
3324	7601	6179
6887	1501	360
2195	9769	4839
9969	9742	4144
701	9459	2341
7414	4709	306
6887	5961	10041
1946	6545	4325
1946	9834	3506
4873	723	6480
2919	4513	7514
10401	6906	1422
6842	6862	291
6887	3895	685
244	3977	1943
10518	4380	1389
1946	3490	6233
6009	8660	3379
8335	9307	8976
10401	1882	7944
9969	2847	10306
7876	3333	2451
5803	2125	888
4904	1996	10113
201	8956	24
1993	6818	1994
1946	5688	4939
2095	6856	10021
9776	6492	6422
10699	4072	4801
7945	363	8930
6364	65	7338
1946	5328	2551
1946	255	58
6399	7322	1682
6887	8540	11044
1185	4373	6627
10699	4272	4926
8335	2589	8552
3728	8594	6099
5445	11040	4416
2294	1936	8104
6887	11032	4693
1946	6965	6688
1868	2594	4533
6740	9463	1105
7162	4497	5414
8262	3305	8022
10884	8584	4067
5773	10602	3811
5445	6481	5624
6842	1666	4142
1506	8551	10590
4852	4792	605
9826	9447	10728
6616	4660	8945
9770	1340	10058
4873	3288	3058
6490	1508	6165
7320	6014	67
8949	2582	1866
9399	2969	2974
5750	7267	9426
627	8532	444
1946	5454	4352
7162	894	802
1946	10404	3530
4852	4792	8121
2195	6083	2571
2919	5959	6432
1946	10680	9480
10518	1329	9407
8367	1733	1954
1433	5962	46
191	4189	6697
7186	7122	2559
9969	2977	5709
6951	1500	9811
5372	8766	7510
8976	4504	444
4904	7962	1899
746	4819	7079
9969	2638	6036
8438	6094	10685
1868	808	1293
1946	4274	5235
6887	8266	10010
5559	10040	3285
7320	6413	2882
9969	9463	10310
3404	9826	10339
444	10027	9429
972	1463	1130
9967	8194	8477
8450	3494	4468
1946	9434	2764
10807	4260	1376
8976	813	179
4791	2276	5743
12	7665	7877
8164	10722	10777
6887	2927	7918
8367	1324	939
2095	769	472
10699	3786	1103
10784	3942	6226
9300	8006	10578
4873	7614	2443
10518	1984	6982
6887	6754	10875
9729	6308	10226
1946	9379	1921
4852	10289	6846
4873	3403	3771
6399	5425	3134
7839	4412	9708
10518	3106	5861
7945	9286	10202
2195	4666	2881
5844	1199	4942
1868	4076	4469
746	4417	9968
1946	7101	10517
1185	6084	14
10348	5609	7614
4852	4792	1021
5300	10609	3439
6399	5135	3993
10348	3105	9195
1946	9525	6507
4873	166	7750
9764	7804	6178
10784	6483	5780
9196	4115	5856
1946	2731	6161
5347	10843	8170
1868	6042	7048
10348	1540	11035
2195	263	2939
10884	8422	10134
3181	3594	9791
2919	8018	7893
7321	2313	1111
2195	9190	10115
5445	3818	6889
1946	9494	6103
6399	9813	10170
9399	47	10409
5773	11	10980
7162	9474	3013
2993	6423	2485
4852	4792	4139
2195	9494	8932
8164	965	7407
9563	10141	7156
2195	10436	6522
7839	1542	3345
6399	3613	3141
9826	10682	6887
2395	270	1414
6009	8830	6473
475	2096	3659
3543	4109	7356
9969	5786	1015
3913	2441	6655
4873	5425	6204
6399	9989	8830
6740	3792	7891
3543	553	9920
7876	136	1449
517	4940	5892
10784	2515	9639
9399	769	8701
670	1317	1781
5750	8124	3224
2195	5277	155
9149	10054	2755
10232	4869	8442
6887	1516	5770
10518	3887	8527
1946	5654	7664
6566	785	8883
9300	9028	10375
10884	10797	3681
9300	6864	4099
8976	3855	8536
9969	5916	2817
8164	1426	7304
3404	2119	6445
2454	10247	8634
5445	1859	5496
6009	10206	3970
8335	1231	9281
191	4605	6843
7320	7960	735
5785	3480	311
9946	2658	2218
10807	404	3486
8736	5106	1617
1012	9494	7938
9196	5458	590
7316	6548	869
8367	2400	5944
10232	9105	108
10784	2045	4444
10518	9163	7747
7414	6649	7892
7162	11012	5414
9295	2621	5293
2515	410	6093
2132	8950	3807
6887	9967	2472
1946	7932	8277
3832	3291	9769
9946	502	3296
10784	3251	9639
1946	6045	10397
6399	180	6683
10518	7007	10944
10976	5771	2182
9300	4129	4813
9196	6408	3416
7313	4097	6048
3913	6620	5367
4852	4792	11003
10127	3958	4409
6887	9327	7026
9300	1988	8589
7162	6748	3664
5773	2164	1053
8438	7873	76
6887	1475	9179
5372	3745	8378
746	83	3237
10518	5056	3971
4852	4792	802
972	3594	3241
7162	9337	9975
2919	11044	3321
6887	6580	6545
10699	5977	2735
6887	6084	1514
5445	7902	7743
6399	6885	3664
10518	7552	7381
1303	4229	8834
4802	6999	7533
5750	3317	6704
9300	769	5868
8367	8963	7632
8367	6421	4475
4852	4792	7626
10784	1691	7295
10348	9355	1337
9322	325	364
746	4603	3780
2095	7622	882
1946	5654	2004
9853	6858	10126
2095	458	6159
3404	8534	9563
1993	173	1728
1946	9817	3910
1946	3475	10645
2919	2385	4093
6399	2961	1682
6887	5959	5378
2195	10267	8337
5773	3629	9059
2195	9367	10161
6009	8407	7305
1094	3994	7617
3343	6094	5517
7162	10933	2687
5773	2131	2704
10435	10320	10897
5654	5428	6084
9399	7729	1728
10232	1639	10109
3181	7985	3637
1946	8552	7153
6740	460	3908
972	1220	1196
2976	8190	8392
7831	1318	4687
6887	1184	2827
6887	7141	8168
2919	5049	7809
8450	6681	10380
10354	3654	9880
972	1655	10131
10518	9472	4172
6399	3979	620
244	5236	5677
4405	1201	8380
6583	8837	9168
6887	2638	5188
8367	4669	9080
10858	5707	9839
6887	7419	2414
6887	3387	980
9770	3414	10739
8367	10721	6894
3728	7694	3780
4791	3049	7107
2195	6493	460
8976	4792	671
6490	8906	2165
6887	2594	8041
3181	2306	8553
5750	2375	6704
3338	7037	389
4904	9494	10423
10699	727	1284
4405	1169	1888
4852	4792	4206
5300	3535	7859
1314	2949	3820
9399	2468	8574
4760	3684	5152
4852	4792	1141
1946	5962	5712
8335	1470	1489
9196	7255	8836
5163	5762	1245
452	3248	7533
161	7981	3426
2195	693	2417
972	8110	9348
10719	1022	10722
5803	9622	269
1946	5434	2885
9969	9050	5583
6887	11057	1
6887	608	9108
9300	2875	4271
10889	1106	5030
6009	1586	1791
9946	6711	8958
8367	6161	8536
6009	6364	5447
5773	144	8133
2222	2630	6071
1993	10746	7548
9770	3168	8976
2919	4515	6003
5347	2886	9624
9969	2946	6421
2919	8583	5650
5559	8287	1690
4791	6574	7300
2478	4662	7093
6740	9448	433
10784	1379	8649
4852	4792	7298
5773	1892	966
5372	7313	1721
2222	8294	9008
6399	9362	6606
1946	4308	5132
5803	9321	5288
9946	6968	4427
9196	1094	8253
6616	10790	6889
6887	6277	649
8164	2714	9744
1200	5129	7788
9399	9494	7470
7405	4580	8935
1946	9891	339
5481	8348	10016
5445	8126	9573
5445	9589	8954
4873	10128	1807
1946	3896	2885
9969	3438	1096
1946	5688	6889
6364	2029	10582
5563	8167	4860
4791	9032	5855
244	5702	5530
4852	4792	1722
2222	5962	46
8976	2796	10001
9300	8223	1755
746	2222	2655
5654	9619	2075
2322	6018	7842
10518	7607	7118
972	7434	6484
6399	7835	1147
10858	6094	7969
746	4422	2052
8976	3152	1794
6887	8146	8838
6887	10210	8920
9300	10570	6739
10219	3638	3357
9729	6983	7425
5456	5564	9766
4020	2036	5706
3549	871	6819
2195	8302	4090
3181	9999	10743
4873	5300	7758
3181	9478	7613
3181	2204	7771
6887	2873	2493
4020	2583	6901
1946	10252	4819
2222	9701	634
2132	9752	8578
9770	4217	3332
10348	5546	10135
192	8188	695
6887	9561	1254
9399	5579	2190
3606	3540	1037
2395	5153	9157
1946	5170	10202
2195	741	6088
7791	6303	7965
1946	1594	6870
5773	5106	6228
10877	8254	6428
6887	1284	10728
2976	2355	1089
9770	10670	8796
6740	8204	8996
4873	6004	444
4873	4920	4888
6887	3851	4526
10784	2812	10389
6887	9189	5444
5750	308	10726
1946	7309	3973
9300	2870	8101
3181	4585	8091
8450	339	1626
6740	10720	4238
8367	8929	7140
5803	8446	6054
5750	7021	10712
746	752	9629
2976	8004	8970
1946	8406	8113
7405	6562	7222
5654	2711	9120
7320	1093	8066
8450	9118	3493
1946	2766	8434
9729	1886	7687
2132	6740	4057
1946	576	10570
2195	8073	223
6740	1813	3612
9260	3292	6369
7320	3187	9846
1946	7490	1951
3543	2579	5152
6399	1692	4092
8450	1217	6029
6887	8829	7590
1230	7613	3691
10348	8774	9861
475	6949	1673
9300	6087	7578
6039	786	11008
8736	8244	1970
161	2103	3380
2358	8454	1179
746	7577	1413
6740	4818	1559
8450	7236	10803
10858	11039	5880
3050	1585	3057
2358	1884	1375
10784	1627	1078
1946	9494	5929
9969	317	6990
6842	5281	6703
6740	5375	3229
5773	2968	1787
6887	5678	8926
1946	10702	945
7320	987	9639
1946	7047	1814
10530	9009	9637
6887	8984	8520
5372	440	2455
8540	9494	10741
5844	4164	6874
4873	4310	10024
6887	7929	3777
6887	4171	9926
5489	5688	3464
5654	2245	7243
7573	3584	10306
5773	7274	9709
5750	10954	10686
6887	5366	200
2195	4505	5706
6583	7895	2035
9295	9983	4183
7321	4969	9497
10348	9727	4973
9969	9051	3944
783	8427	2847
10401	814	9363
8367	7323	2346
1946	3157	7485
6887	2638	8819
6740	5769	3009
6009	4685	5810
1946	8480	1238
10877	633	1893
9399	10558	7462
4852	4792	210
10348	9390	4964
9300	5213	7953
10518	958	7923
6399	6398	8250
6887	9759	608
2919	3944	7416
5803	10221	6901
7396	10426	6289
972	4284	444
444	9494	4746
483	4555	430
2919	9516	7249
9260	1503	5132
5654	4145	10158
1313	949	8444
2569	4957	9336
1946	6365	45
8111	1651	3248
6009	8117	7802
6887	2941	2527
9969	10444	2689
9399	1976	2744
1662	3854	2309
4852	4792	5358
1946	6571	8869
5773	8524	6354
6399	8929	9206
3324	8850	10840
6887	285	9519
1946	3611	5259
5559	3322	8356
9946	8237	2167
9878	687	220
10858	4259	1090
4852	10003	7906
3728	780	2133
8450	1406	4201
2195	5688	6422
6406	3305	2463
1946	7151	8462
6399	9494	6593
7414	1199	1889
9399	8831	10351
9729	3127	9998
6583	9740	5338
3850	9530	1760
2976	10892	5016
6887	1387	3284
2195	8605	3823
6887	4485	1245
1946	4374	9607
746	7841	7912
6399	7267	6194
746	4508	8826
10604	6094	6466
8976	4940	5966
10518	3880	10861
10784	8404	2123
6740	6994	3347
9300	298	6957
7945	9937	5850
2195	9794	4731
3899	9494	2913
11016	707	2885
6887	3239	444
6887	9845	8904
5773	3325	10485
4070	9423	10076
6887	8292	4130
7162	6084	1794
2195	11015	4973
2195	4426	6520
4791	6181	7857
3733	6426	1213
5844	9818	6866
3404	10072	6170
1230	4832	6271
6887	9871	4676
1946	3134	9122
5750	3668	5559
1012	6735	6422
1946	2578	4882
6887	5820	2872
4852	4792	8054
2195	10525	64
2195	7021	9224
7066	8709	8268
5445	1242	7215
1946	1781	291
2454	5767	10208
9770	410	6198
6399	2681	5964
4873	1409	6690
6887	3517	2947
2574	8888	3857
9300	5213	424
6399	2132	4588
3338	662	9571
9120	5372	4952
6887	5875	9019
1946	37	8279
2358	4105	2000
7405	8057	4556
1993	7738	3714
6887	7864	3664
3001	10415	10847
3832	3999	7115
9399	9494	9413
4020	6055	9629
4852	4792	10323
2195	10315	2922
2195	9138	912
972	5615	4510
1374	7000	7220
7320	6181	10577
2195	5363	8774
7162	9521	4497
4873	6830	2705
8164	10022	1728
8367	9705	5944
1654	2539	9324
1472	3486	9464
1185	9541	2305
6803	3138	4307
7414	11027	8495
5773	2251	8202
6399	5610	809
9196	4709	10036
5773	5516	882
2919	2869	10692
9770	2911	6598
7316	10288	7448
2294	2816	8231
1993	10255	4908
7316	769	10143
3192	10635	9091
5445	5917	9834
4852	4792	6562
9770	8818	2776
6887	7276	7449
746	3278	6113
7414	10080	1436
10719	9525	10919
10518	10774	9060
9399	9897	9519
1012	2999	4409
1946	1896	3925
9300	4714	1315
6399	3511	3107
2574	3361	9629
6490	10157	2915
5844	422	1509
9770	9769	3121
6887	1697	8187
9300	2751	3248
8450	5551	6374
10784	7026	1664
2222	2812	4023
6399	7839	9308
5750	10445	1479
5803	4237	3919
7162	9737	7929
5773	3420	10627
6399	6629	8024
4852	4792	10996
6887	6117	4290
10858	7866	5526
8976	1337	4366
1946	10387	4259
6887	6707	6577
3404	651	1861
7320	7085	2790
2322	208	7545
1824	7644	8507
746	4309	5724
3850	2054	3953
1946	10915	1408
1094	3752	5215
444	6792	9535
7945	6177	10975
6399	4955	5501
3728	8612	7574
9300	769	3382
2919	7432	5180
3404	498	10158
4873	9445	7425
7162	6451	7180
6009	2705	1908
4873	6542	10441
3728	7747	2793
2919	7059	10489
7451	4940	4450
2919	1930	2632
2195	4782	453
2195	9302	4312
1563	3467	8551
1819	4077	1428
4892	10550	10863
6887	2458	5883
3181	2920	8561
1946	1233	2340
6887	5316	4058
9300	1482	3715
8367	1916	866
3728	3103	2046
5445	4365	5095
9770	1968	8214
1946	4249	2552
7162	144	131
8736	8871	1031
10858	5463	7507
7162	2727	1216
4852	4792	8746
8976	4517	5940
2358	9901	5668
4791	431	140
746	10311	2603
9300	7011	2513
3181	5971	7680
7405	1007	5182
3750	4302	4898
10334	3559	6390
1946	819	5752
5372	4835	90
2919	828	6685
3129	2340	4656
10334	6821	675
7321	9267	4195
10518	10359	10471
8083	1302	1647
2919	5316	9943
6887	1380	7997
6740	4557	5761
4852	4792	10720
8976	10947	1576
8367	5522	9080
5803	11041	3664
7837	6649	8605
10877	5230	6504
9158	2558	195
6399	10801	9698
8180	6021	9638
9865	1666	10636
6887	7193	4282
3733	10660	10725
6887	6092	7618
2294	8845	995
8438	617	4697
7162	3605	8544
3181	10939	8553
6399	8099	503
1946	4927	5218
1230	2690	7791
5803	4073	3410
9260	3485	2457
8164	6499	1026
8367	6540	9080
9067	5010	9689
8540	6721	4727
9196	10438	9593
6887	4481	554
8979	9490	5184
6740	3098	10630
9938	5866	3995
4852	4792	2034
6887	10309	9306
1946	7319	8276
9826	7912	9718
4799	802	7560
4852	4792	9444
6887	2483	2435
9865	967	6901
7162	9603	10546
2919	7303	9185
6312	9408	3236
6009	2294	3248
6887	5123	2091
1946	4038	7151
2195	8047	1753
9770	10310	10967
1946	2481	6130
9399	521	8297
5481	10975	5536
746	2618	5836
8976	9491	5131
8450	9757	3219
2454	7119	1730
934	6329	2075
10604	2812	1920
3343	4222	10805
9300	3737	5133
9300	81	7324
4852	4792	1415
4873	10882	6155
6009	7994	9883
6009	10090	4814
6009	5309	6518
10604	2193	1462
1313	6009	4340
4852	7735	1368
9563	7534	3780
6887	5351	6120
191	5273	4657
3338	10520	9399
2919	2419	4201
4011	364	5667
4852	4792	6135
5489	5959	1648
1946	931	8002
5821	6448	7121
9120	3059	7156
8976	10018	6052
6887	8608	8187
5750	9606	5559
6887	1852	9670
9770	6661	10868
7405	6618	6974
7321	9849	3989
9196	1836	1329
746	9494	4698
8736	9948	2093
5590	9868	2064
2095	7429	7826
6887	4146	4693
5571	3115	590
3404	3215	7947
6399	10642	2157
1763	4903	9917
10858	3167	3960
9826	5130	10817
6887	9916	5883
7837	3484	2372
9826	7494	5440
10348	5688	8962
7320	9090	2882
5803	7368	3049
9399	10286	4154
2222	3619	7058
6887	1767	2352
239	10060	4784
4852	4792	7369
8438	6854	10576
8736	5654	5062
1393	4529	7772
8367	3188	1558
6887	8964	1740
9770	6128	9460
6009	686	271
3728	9556	6714
4852	4792	278
10884	8686	9981
7162	5415	4420
6399	6362	10477
9969	10000	1949
1946	406	5191
8367	10501	6126
1946	10920	3769
10348	3443	11035
8976	5232	10173
4598	856	3628
10727	3439	1519
2195	5080	2675
10232	3224	623
6887	6241	6741
475	8960	4128
8736	5555	5526
2783	4694	4553
1946	562	794
4852	4792	5930
8083	3767	3623
5372	7561	6544
8078	3114	6457
8111	10069	9894
8367	2047	5891
7945	8138	2131
8367	2893	9262
3094	2792	4605
10518	1263	6573
2195	9251	3535
6951	7353	1569
4852	4792	9831
6887	10130	7825
8367	2638	9272
10877	4054	235
10232	5253	5396
7166	10235	1482
6616	7129	81
4873	9479	6092
1824	10290	4935
8335	7852	2626
8976	6873	2290
3543	9525	9413
10518	8001	8499
1993	8887	5687
10518	10779	2407
2783	7188	7304
6887	11030	9917
10889	2384	2922
9029	5882	3651
4852	4792	6608
6399	6087	835
2294	8801	7931
2195	3295	4007
3606	8962	1283
9300	769	2210
5559	8982	4901
3728	4832	3780
2799	10663	6296
7876	5639	371
6887	1953	9008
6399	4692	8837
8728	7956	6911
2195	10431	1728
10889	66	6297
2322	173	4828
7933	7344	7393
8949	9909	6902
9729	4693	6389
2515	10983	5414
10518	8615	9601
444	210	9577
9196	6078	10431
9946	8704	1059
8736	10007	8853
1946	3596	4294
4020	5162	8479
6616	5450	4157
972	3594	10626
2195	8087	739
8111	4540	4135
4747	9757	2878
1094	10994	4373
5456	5222	7162
8367	9245	6222
6740	19	370
3181	2768	3780
2919	1132	3887
475	2096	9102
5160	10125	2371
10518	3799	8692
1946	4095	1626
1946	8542	9734
10334	6089	2230
10518	269	3849
3728	1816	10578
10858	2314	2009
9300	6122	4313
3181	38	6048
4873	388	3460
8976	2487	7436
7067	1878	2538
2919	8800	5287
6399	10993	6480
10518	5146	850
2195	4574	5259
2195	2785	5253
6887	401	9902
7546	3212	9074
3404	8782	436
3526	7750	2258
8367	10392	9040
8540	8002	3824
7405	9529	10475
1946	9999	5332
8540	6615	3742
3728	9494	400
5907	2731	4867
6887	8836	5373
8976	7417	2597
1868	5688	5683
6951	8854	7603
10401	8210	2431
9826	8367	727
5355	10709	4511
8367	3977	3944
10889	504	7977
10518	5800	7381
9969	6942	10611
2195	5688	754
7162	6084	3664
3001	1208	228
1993	10460	2075
3606	10488	4563
2569	6160	4840
2574	6618	7763
6887	9014	10810
8976	6620	3276
10784	5017	5825
2222	10083	452
8367	4732	8892
5372	1171	1143
6887	7936	5004
2195	8088	8989
9120	7064	435
9300	4885	4329
1946	9127	912
2976	2364	5787
2919	4993	9245
1946	2217	2975
2976	2646	5414
2704	5483	9519
9399	3300	10627
9826	1578	9900
1946	8053	2316
5563	206	8110
2515	1900	1256
5803	10854	8767
3832	1094	9364
6887	2114	3992
7573	8173	6858
5750	2731	1132
4852	7958	2919
5803	4213	5173
1946	4338	4931
2195	1721	3821
3404	6071	9580
9826	1840	600
2358	4448	5838
9969	4804	8260
6887	5246	8032
791	8885	1496
6887	7845	4166
10518	8615	7217
9770	5000	8042
2395	8051	5897
972	9452	7304
6887	2215	5105
8367	701	6563
10232	10441	5753
2195	7144	3778
6887	5015	6973
9969	8592	2650
5445	7488	9552
746	1138	8327
9969	9494	7092
7320	5925	4154
6887	8952	980
5559	582	6704
6887	7044	4693
6887	8520	9695
5571	10371	1849
9969	5391	6858
6740	3770	6956
8728	9728	1548
9770	544	9603
6009	7112	1703
5803	8429	9723
2264	33	8506
2454	7319	7170
3543	7361	10257
10518	5959	1977
2919	9757	3325
1946	3898	8686
8618	9497	8645
8976	4940	2256
5773	3513	5734
746	7577	10344
3526	6785	9512
2395	3291	9157
6748	9431	8571
2919	3359	5038
2919	1022	6191
9300	150	2586
10348	3472	4292
7889	9247	10131
1824	1065	9629
6887	6590	10745
4579	8000	7305
6616	5830	8390
8960	2435	9567
3728	10192	452
1230	8434	1078
4873	5686	9703
8367	6207	4604
8367	3687	4362
5559	10558	6719
5773	5688	10599
4852	4792	9509
7162	6609	6528
7451	6453	8364
2222	6718	3729
8979	9709	6789
2195	9494	452
1946	4531	8993
7405	2812	2045
6009	1717	3664
1946	4940	9319
1230	11045	6132
2294	10411	10064
1946	9745	2075
6009	8409	4434
6399	9489	2121
4852	4792	6229
8164	4352	5952
10699	4072	7143
9300	5413	7352
9969	4513	4408
746	5425	5245
1185	10102	3078
2195	1505	9164
5803	7662	4261
5481	6388	5276
6616	7129	4467
2875	11050	7014
1824	5038	860
9938	9840	5641
4405	5834	2324
10267	7967	9248
8976	7996	417
1946	4900	6998
10518	4748	6574
2395	10328	5712
9770	5878	8696
10401	7416	7304
3750	657	9467
3750	2234	1370
5445	1497	1211
9300	7509	3664
5445	8342	7829
2322	4592	5375
4852	4792	6223
2919	3772	693
6583	10138	6762
5300	5747	8337
10784	2831	4264
6583	3484	5304
3129	10918	5593
10518	8400	250
5773	6171	4667
8363	88	1590
7405	1774	10015
191	7129	291
10784	7474	5971
8831	867	9852
1868	10761	8653
7414	6709	4985
7162	3187	8698
8736	1703	2662
6887	5773	2944
9826	11045	1212
10232	6341	8506
2919	504	9671
3181	2045	6881
6740	6031	3077
2919	4241	9234
7162	3187	8070
2195	3026	568
6887	3066	5444
1393	1016	2746
6887	551	10335
5803	5116	10417
9260	9126	1008
9300	342	3664
191	7449	5169
8367	4221	10330
5057	1588	1282
7162	2192	8364
5372	6060	5121
6399	9494	4226
452	7904	6662
2322	3545	9544
2195	5343	913
8831	10493	9813
2349	3956	5991
1946	4251	1301
10604	3315	8595
9300	5160	9492
1946	2067	6661
1946	5465	5720
10719	6240	6239
8367	2198	2088
6034	7472	5326
6887	2282	1424
1824	4168	324
6740	1788	4238
6364	1636	3166
7162	1268	7180
4852	4792	10220
10518	8873	2949
4852	8574	7349
10877	10015	9751
6887	571	3518
1563	6487	5350
9969	7001	4144
1946	9101	9122
2574	3478	7533
6887	2209	4808
9969	1236	6202
3549	5914	7505
191	6020	9486
5844	1702	3557
8910	3976	567
9196	86	6823
5481	3372	9004
5372	5804	9951
10789	5548	4674
1946	3187	824
4791	2872	3621
746	9200	1978
6887	6087	10246
475	5091	916
4791	1124	6668
7405	7354	1238
6616	7129	7844
6887	4031	3439
9399	949	5902
8976	5185	6821
9969	6329	8025
1946	3689	1301
5773	5665	745
4873	2453	6568
6583	2138	8379
10699	10451	232
8960	2536	6565
6399	8350	2674
4873	606	9456
9826	5042	10728
1946	3903	1626
3543	5808	7269
5559	9243	5503
2919	7274	10960
1946	2175	5015
6887	8464	7871
11063	9494	3767
8828	4367	3689
9826	8167	6887
1946	8476	6533
2799	144	61
2195	99	8989
5773	4403	745
2976	4796	796
9770	8812	1783
4405	7723	9633
1946	8609	2560
8164	4545	9611
1946	6313	1210
6399	8493	1682
1946	7192	1010
9300	769	1174
3181	2768	5457
2976	615	7602
5571	7900	3639
9120	9933	5858
10518	3306	7717
8450	1718	4039
3022	548	3657
5773	11053	8776
10976	4707	6555
4878	3297	1932
1993	8882	1253
6009	5690	26
8367	11000	5692
6009	5688	7363
1946	9123	5636
1824	8659	5156
5642	5494	4856
6887	4381	9213
7162	5089	2019
8367	8759	3169
6616	7129	1841
9969	3006	9962
8367	7533	3088
9865	3739	5707
3606	5650	10908
9969	6680	3211
2454	7098	4112
2195	4743	9629
6887	10641	1739
6009	3843	1471
7945	7008	2787
3543	9525	4073
5750	6935	122
2919	3016	147
6887	2382	3718
4873	5995	4862
7405	7021	5007
3728	1856	113
7573	8207	8398
9826	7837	6887
6399	4896	3935
9969	8253	11052
7876	934	1878
7876	3353	1779
7162	8150	10750
6887	9819	5549
8450	5863	3768
7320	5959	3222
10168	6071	8068
4852	4792	8659
2264	5066	4089
1230	6851	9221
5773	11	7100
6887	1068	1750
10784	3787	7525
3404	2160	4200
5773	3535	9514
6009	7936	7397
6364	8256	2779
6284	8852	5414
10784	3088	11005
10604	255	3608
6887	3893	8682
1662	10889	8408
10976	10487	5998
670	8358	8477
7320	5526	10766
9770	2331	2400
4852	4792	7591
10232	8538	287
1946	5390	2788
2569	5827	3106
7516	10884	7260
6887	9592	1378
2478	6364	4618
10334	5469	10276
7320	1785	2510
1946	6476	3381
8976	3535	489
10348	2315	4276
10530	192	8684
5456	8385	2406
2195	6084	3135
746	7357	10941
6887	2922	980
4791	545	4201
746	144	10342
1946	10193	5762
9300	7800	731
546	1806	10181
5803	7403	2871
3728	1684	6992
2569	5695	233
6887	10686	2091
2322	9001	5435
10784	745	748
1393	3048	977
2095	5993	3838
4852	4792	10116
6740	3973	370
4628	8758	1122
8831	3861	9259
3526	8488	504
8831	936	5132
6954	8544	9367
6887	2624	9166
9946	6604	4961
4873	4922	1056
2458	4600	7098
9969	1261	286
10561	9075	7019
4852	4792	2715
8367	5664	1013
9067	7964	716
2783	4347	206
2222	10343	343
8976	2909	1873
2574	10624	8771
6009	6084	5437
6740	6780	6480
7837	8618	9960
2195	2262	6876
2569	1022	2706
10518	3865	5800
1993	2812	2880
6399	1476	67
6583	5508	2226
7320	409	3356
6284	10204	3790
2919	2442	3658
6887	3187	3518
4852	3051	3165
1946	6358	2803
4852	4792	6338
1946	8989	6528
6616	5528	2964
244	7495	953
7162	4076	6029
1946	9665	5774
192	5688	46
10719	2206	4580
4878	3275	10578
6399	10844	5594
9969	8594	6689
8976	6094	3398
4904	1779	5718
2574	4802	7727
10518	4838	9041
6399	10493	3253
6399	2923	6137
1824	6909	1044
2454	9107	7735
2195	4361	11015
10976	9999	2781
9196	10616	7105
9946	8442	7584
9300	4089	2586
7606	6618	5972
6399	1856	2422
6399	3626	9612
3920	1666	10358
746	8505	6547
5750	8889	3499
7162	7132	4175
2145	5688	4940
3484	5753	2670
7444	6804	882
4322	7318	4438
7405	8416	6026
444	9955	6376
4873	3269	4720
6616	2309	2973
2919	316	6154
6740	8373	9384
6399	2101	1640
3630	8619	4824
7405	1373	8218
8367	1145	2608
2195	2449	10494
3404	3028	7167
3404	6327	4797
6887	6315	10458
1946	432	7098
1993	7252	3248
5773	1774	1474
5372	3796	9081
5803	7794	8839
2454	3297	6391
6399	4142	9584
9300	6363	6230
9260	5305	4774
7162	1924	7956
4873	8994	1731
1654	6429	4830
6399	2011	10449
4659	153	1180
9300	4983	5512
9946	4247	10556
6887	10743	10268
4873	946	6237
3728	13	8049
4873	3305	2746
3181	9885	7503
9969	2492	3153
5372	9296	6322
9969	2210	8545
9120	2462	75
2358	1301	2662
6887	9586	5041
1824	4176	7324
5773	4929	9740
4747	5422	6433
5773	1576	6164
4873	388	10108
2095	8728	4930
1946	3000	1083
7162	5698	5149
2264	1621	6586
2294	6165	7197
1946	9353	8368
6887	7776	9008
1946	8733	3185
6887	3349	8935
5590	4462	7132
6009	5719	7964
7945	2861	6985
2976	5688	2621
1946	10988	5706
8728	10573	258
2976	7196	1038
10807	5963	4273
9969	1208	10768
1094	2092	3150
8831	9626	2688
5844	2675	2481
1946	10530	8063
4852	4792	8280
2976	5122	8143
1946	6937	1892
7414	9701	8980
2294	2276	7004
3832	4945	8637
7162	5688	8679
8367	7175	2622
11063	6925	2888
4852	4792	6871
6887	5360	7328
2919	10875	10245
10518	8320	8569
8450	7134	4451
8367	2905	7925
9969	221	1756
6399	253	10207
6887	8494	2086
3924	9593	5100
1946	9241	6927
5773	7295	6164
10858	842	123
746	5733	2721
1946	1211	5706
8450	8403	4751
10699	7847	3664
10348	7574	2289
1946	6077	7150
10858	6221	3780
5559	2363	6438
10348	4366	4575
2569	2920	7870
1946	9813	1003
791	7248	10875
10784	1842	10512
1652	9554	275
9946	10240	6089
5559	6218	1510
8736	6087	10875
244	3170	1855
1946	9390	9449
5372	388	7937
9946	8997	8829
10348	10345	7860
2195	762	6532
7573	7674	8112
5773	3104	6175
8164	5106	7236
9995	6094	6029
5773	2240	3280
2195	4483	8534
2919	6567	10568
2976	3023	5024
6951	8423	5232
3181	7281	10410
5773	3351	10977
6887	294	6429
8976	2809	5676
3181	3259	8553
10518	4525	10496
5773	5706	10583
10858	6920	520
2195	9350	3296
3404	10094	4494
2294	3932	2294
4852	4792	539
6887	5828	918
5803	10232	7416
6887	10718	2944
6740	8182	9262
6887	7074	7120
6887	4225	6419
9729	8311	2656
8949	6465	4779
7162	8441	767
9196	4211	670
8976	1165	10851
1993	61	3252
2195	4463	2607
4598	6924	2330
7320	7857	4923
1946	7140	3670
2976	5187	9988
1094	7928	3269
3850	6757	8861
7573	2310	4793
6009	1861	960
6009	8196	1285
1946	9999	2878
10518	9226	1287
6740	8055	5359
6887	8540	7308
6009	7371	7510
7162	628	6960
2195	1054	10219
1946	4564	10484
4873	3733	7879
10232	9194	8176
9969	6236	8025
9301	4587	930
7414	1680	2549
7405	9654	2517
2294	1919	10156
1946	562	9691
10604	6237	7062
7320	8412	10427
6399	3164	6784
1946	9121	8309
6887	496	10553
7162	5281	3444
3343	4540	2939
9729	9401	3337
9729	5464	6649
6887	9747	9758
3404	2686	10964
1230	8019	10903
9969	4057	10306
10232	5399	5850
8145	6084	2439
7414	9494	2097
5559	8104	7273
1946	6350	376
5773	10175	7083
8976	7537	9576
10530	6094	7274
239	6441	2809
7162	4792	319
1946	1200	5706
7414	2731	9599
5803	10558	8037
1946	2178	6253
5773	10334	1746
4878	322	4491
6887	2821	5662
6009	789	9519
1946	5286	2887
2195	6084	3511
6887	9139	3607
4852	4792	10283
7414	220	5469
746	9982	1214
4892	6016	4098
444	7920	8653
7444	8450	8158
5844	5962	5135
5445	7294	202
7831	10535	67
1946	1775	3686
4020	1094	6889
6399	10894	5451
5563	9494	8748
4852	4792	4388
4904	747	10113
5057	2885	10812
1946	2418	3792
2195	9273	3103
1230	11026	3688
8979	3498	1263
7162	1049	1799
6887	6422	8187
9196	390	9088
4852	4792	10466
1946	173	5450
2294	9234	4776
6887	1547	1227
2294	7278	3954
6009	4348	5129
5844	9666	9534
4982	7628	3051
3913	9528	9325
7573	2965	4144
1472	9048	6618
7839	3021	9438
4852	604	6060
6842	9780	264
10982	6094	3711
10784	8681	2432
9969	2492	1949
3192	5113	2451
9969	9638	4493
1993	5688	5885
10858	3081	10355
7414	10191	5451
10536	10029	7501
2569	1022	4367
10699	5202	977
1946	3655	7614
1946	10213	8158
6887	973	8682
10401	3065	61
8949	7846	6249
6399	7499	9684
10889	9494	4258
6887	6246	4186
1662	7524	7885
7414	1990	2412
6887	1734	8187
6887	6786	5003
5563	9494	7502
6009	9768	8803
8367	4549	7558
6887	2661	8819
10784	4166	3210
1824	10502	10578
7162	6301	7221
4873	9573	9080
7405	9443	6921
6009	3198	845
8828	4212	6700
1993	5439	7581
4852	4792	7482
4852	4792	10679
3404	10468	684
1946	4815	3963
10348	992	5369
3181	1934	9250
2220	1514	4259
7839	5510	4795
10348	4393	8578
6399	473	1779
5773	7690	380
244	6097	2025
5372	9775	979
2783	9108	3720
3728	6688	5458
1946	255	5995
746	7329	8683
1946	6547	4031
9300	769	458
6399	4461	8653
7162	9813	9728
6887	4537	5710
10219	5171	7232
10354	3010	670
6009	7091	6799
1230	7607	6227
2195	9999	1320
8927	5962	5712
6009	548	8023
8450	8010	9308
2919	10674	7055
4852	4875	3722
10348	3452	3340
2322	6646	98
3181	1863	6262
9300	769	7523
2454	7426	10553
5167	5121	685
9196	638	3271
9149	548	10175
6284	5337	33
2195	5466	1161
4852	4792	5505
2195	6121	7439
7414	7417	3751
5654	10409	8443
3728	10558	1859
5773	6972	1495
9300	9623	3715
4852	4034	1160
746	11004	3475
3050	2827	1436
10784	8086	9639
7162	10767	3089
8976	6765	10121
9770	7319	5079
4488	6094	10462
9370	6572	943
4873	8284	5193
6399	3305	1483
6740	7663	5128
2919	4402	7051
4322	10700	541
9969	9567	4411
2095	5319	3258
746	10824	6459
7320	2006	3272
8450	1801	3381
8979	1945	423
7162	6464	5461
746	1616	3664
6887	5655	4045
2195	9824	6430
1993	7970	7688
7162	822	2361
746	3283	3780
2294	1640	9537
4873	10295	9311
7162	1855	10793
1946	5688	2969
10518	5348	7667
7405	10503	6532
7444	10324	4491
6887	6306	695
2095	8817	6397
746	1491	882
8367	4698	2914
2195	8811	7162
2294	2054	6163
5750	10477	6704
1946	6571	8990
4852	6084	10072
4873	3715	1728
4852	4792	9993
9260	7339	3686
5844	6845	8515
10699	9390	1184
1946	418	3738
6887	7744	8935
8450	3470	4209
7017	10098	9178
2569	9390	7271
8367	8140	10056
972	8806	1874
3181	8113	4456
6887	4525	2527
2095	1832	4237
6887	7856	10647
934	6803	6370
9120	2856	2907
7162	7766	455
7405	5688	7753
10889	1185	6297
7831	11023	2639
8367	10560	5677
6399	7798	2958
1946	10684	4565
9821	2025	6840
746	9988	7304
6887	2799	2526
6887	6835	6619
9196	9540	6693
10858	5271	7892
6399	6726	5349
2195	5313	4895
6887	3389	6887
9196	3898	8263
1946	8105	10156
6887	7369	2527
2195	8467	6271
8976	4712	9666
5372	4995	4005
5445	3678	7455
4852	4792	4236
2195	9390	2685
6887	8107	1542
2195	4480	1626
6399	3498	2744
5803	7057	5131
2574	3565	2821
3733	9667	3386
4873	5167	9227
7414	3765	3738
7320	2107	9262
3920	8491	8845
8910	9937	7795
10858	5278	3639
9729	334	2377
2195	6209	5706
972	7764	8448
1946	3189	8685
6616	7129	7417
6887	3275	3355
9946	9929	10764
299	7068	2092
6399	7491	9622
9399	6530	8574
3728	1372	5042
6887	1102	9315
9969	8463	7420
144	4102	283
6616	7129	7358
2095	3462	10759
2195	8833	967
7468	5133	4499
4579	9390	9742
9826	793	91
6887	9978	7362
4873	1866	1728
1946	7610	6281
9260	6907	4474
5559	1729	5679
2195	8502	3138
5372	948	1447
9120	10823	8065
6887	578	3518
9042	9697	10551
7162	8247	9927
6009	9384	2173
4791	9526	2629
7414	5089	1438
7320	10748	9336
8736	6094	262
6673	2699	130
5773	7687	10230
2569	769	2678
8979	10650	705
8367	10077	5677
9946	6356	2759
8363	4792	1689
8074	262	708
1946	4452	10074
9399	182	5586
9300	3734	9843
7162	7815	1129
4037	8284	806
5773	6345	2487
6399	8639	7503
5654	7936	7122
1946	2255	6422
6887	2115	9032
9826	4100	10728
5167	1391	9685
6887	10163	1635
244	10165	2099
8367	4520	10282
5356	6084	7237
7320	476	8527
9300	445	8059
6009	249	10756
6887	305	7346
4852	4792	2722
7162	6266	10493
7945	2779	2261
862	5264	10217
1993	2812	7611
8367	9316	10500
2574	6237	4402
5372	6193	3715
5445	4783	9636
9300	150	10972
5750	7539	5199
10604	3673	9360
452	6805	6662
6616	7484	7164
2919	3580	9185
2919	7274	1528
444	3256	8653
6887	7177	1564
10877	548	6883
4747	4228	2634
8367	7360	9585
11063	5588	2879
6887	4077	5777
4852	4792	526
5773	7567	745
2569	2060	10740
9946	7597	1157
1654	4750	10897
1946	4211	6849
10604	6094	6100
10784	1077	6388
1946	6094	3639
1946	4201	2425
4579	6309	6747
1946	8130	1408
8367	6220	5677
6887	1557	5391
9260	10871	3743
6887	9756	8541
6887	6076	7686
6009	5448	3247
244	950	5987
8164	5106	6324
5559	3667	6704
191	5481	4592
6887	9908	434
2181	3271	5414
1946	255	942
9196	2812	8219
1946	7626	5706
9196	73	5451
9969	10598	2119
8367	3875	1927
9969	8949	8759
9299	7614	7995
1946	3056	2533
10518	1034	5047
7405	7670	1279
9300	1360	1896
8976	5666	1683
3181	3341	8450
6887	4961	980
2919	1819	8789
4852	5822	8695
2993	7869	5942
4488	2812	4429
9399	3865	8366
7945	6094	0
972	6119	67
2195	6596	5272
1230	2249	8369
8367	1457	9080
7162	10407	10899
746	10558	7069
3526	5074	5438
746	10558	7868
2976	10119	4454
1946	5757	7155
9946	340	6022
3543	2085	6225
3543	3079	10257
2222	3215	10509
5372	727	10612
6566	9525	5398
1946	4238	9216
6583	3060	4055
6009	4790	7984
1946	173	339
6887	7868	3242
1662	5770	10437
8736	9974	6606
1946	9786	3203
1946	7757	8969
746	4339	2496
2195	1890	9629
10877	4940	2942
1946	7968	8431
2195	7854	1606
10719	8666	9037
10784	4493	2177
8736	5654	6249
1012	7676	1229
4982	9454	5585
5773	2662	5404
1824	9125	8039
9120	2057	7006
6887	3945	10010
7321	3842	9192
746	5362	9629
2195	8389	5706
4791	1029	8160
5590	9081	4568
8438	7581	10710
10807	7067	6101
6887	887	3640
7606	4974	7769
746	4224	125
6887	1771	10456
10348	10043	1628
2264	6503	9262
6887	0	1424
4747	260	2211
6887	6087	4980
1652	2137	3721
4892	6016	1341
9042	9822	223
7320	5695	8610
10232	3721	9191
10807	4997	3938
2195	9279	2533
10604	3554	2096
3001	8735	1999
1824	8873	4258
6399	6618	6872
6887	7074	65
9067	2478	3213
10518	333	8251
1472	907	9464
6399	6768	5964
2919	10452	9011
9946	2854	5545
9067	6589	10804
9067	1782	7014
4878	9822	3505
10604	6522	9054
3050	8593	10150
9969	5289	298
9300	150	2774
9826	4650	5276
972	9494	8136
8367	9208	7156
2919	10452	3047
4852	4792	10681
6312	4904	10250
4791	8585	2641
746	9277	6473
9399	3027	9686
2222	6742	10254
1826	5047	4622
2919	5106	3072
8960	2552	6591
2358	6136	5160
6827	6364	1871
3181	3822	5705
2195	1314	731
3526	10782	5675
6887	5317	4693
7320	10785	7014
2704	5848	7618
1946	4133	10948
10232	107	5960
10401	7909	443
10699	3129	1989
1012	7171	9522
6887	4804	761
2095	6087	5368
8367	9632	9080
4892	2667	225
6887	10715	1545
5750	9804	2266
9969	1229	6858
10604	9426	9257
5750	3898	6704
5803	4643	2386
6887	6752	6665
6887	2044	4298
5559	6516	9483
4873	6284	10970
6009	3073	1711
3343	2713	9796
5773	144	470
6616	7129	7531
2195	1283	5451
7320	1716	8510
6284	6455	1602
9563	8453	3258
1269	1743	10696
884	8332	9760
746	980	10486
3404	8703	2273
8367	9185	5909
8335	6040	7127
9260	8654	9699
1230	4529	1846
5773	7568	6164
2569	6750	7876
1824	3477	6096
10348	7596	7425
1946	7042	8571
9120	2238	2993
6887	4188	7126
10334	8295	3568
8450	9071	3250
6887	9404	4268
7532	8035	46
4834	5795	8769
517	4940	7430
8831	650	1246
6887	11044	7401
3850	5407	6572
10518	10170	2922
10884	1701	6810
9946	2658	9251
4834	2762	8632
4852	4792	1142
7320	1093	2711
546	1906	194
10976	5861	7877
1946	2300	9267
5773	9363	8091
6887	8540	10628
746	9119	731
4852	4792	9994
10884	4369	477
9591	2642	8965
3733	6520	159
4791	3108	6090
9300	9428	3664
1993	4540	1536
8367	4226	9293
2195	8158	7429
8976	9545	9286
1946	9999	7046
2976	781	6769
9120	9291	3205
6740	5987	8084
7162	9494	5204
5803	5322	6054
8367	6622	10460
5773	6798	8091
10674	2446	6260
2783	9936	7511
244	2476	4323
2574	5496	731
10699	9494	5130
10858	2160	10682
4852	4792	3038
8367	10626	7304
6887	5779	5225
8164	5240	10643
8188	7198	3245
201	7328	1548
5844	7021	5309
6887	9469	5604
2919	4179	444
7320	7946	4261
5372	3921	1327
3549	8760	10727
9399	1877	2280
6887	50	3998
10518	7607	557
8540	4560	5380
8976	8967	7615
1946	4927	6422
8540	9584	8055
9770	3724	295
972	6357	4191
7444	11051	3980
9770	6618	8555
6616	1083	8937
5372	8708	3400
746	6026	2897
1946	781	6889
6887	3030	2493
9770	4170	2416
5844	1493	9564
2195	5979	3670
9770	8004	10879
10518	9494	3374
9563	9433	4178
2222	2731	9692
9370	2158	8432
9399	6329	7418
1946	6222	3506
9729	8027	7425
4834	9839	1000
7162	5230	1788
9196	118	9053
6887	7806	8865
8976	6047	7411
7162	5109	1091
4852	4792	2561
1652	11014	5040
1662	10124	440
8164	3503	6158
2264	2627	3609
10348	1432	5384
8335	6071	7307
10348	3553	6843
4488	4384	37
2919	4103	1531
1314	5329	6754
2195	7375	3296
6399	1467	639
10784	3360	6468
1946	682	1319
7313	5043	444
9865	8374	9464
972	7979	10139
10334	1962	1484
10348	8580	4216
6887	1136	3438
7791	9390	10103
8367	5506	6788
5773	2846	5781
7321	3614	2529
9878	6107	4261
3181	6706	1671
1946	6249	5638
6399	9133	149
972	838	9245
6887	2849	9519
7320	10867	670
6399	9485	3281
5750	9294	5533
9196	4507	7877
9300	8366	6527
6887	1549	4245
6399	3369	7124
8976	386	7123
6887	9421	6942
1946	9198	6832
3728	10159	6096
7320	849	10856
5445	5659	3639
7839	7749	8567
3913	38	3305
6583	5670	2434
1824	9494	8952
7405	5078	3664
2195	8457	6655
7162	10253	2300
10401	7082	3524
1946	9190	8917
2783	6912	6675
4852	2741	9139
4873	9391	1699
3526	7987	2709
3836	4227	8400
4878	296	8768
8976	603	9629
1946	505	431
6740	8831	9713
6887	7944	7787
1819	10186	2076
599	8846	3239
9399	5735	214
8367	1425	9959
8367	5047	10295
7573	490	6773
5750	7349	4658
6887	9315	9747
1993	1624	7039
1946	5495	7405
5372	5705	3970
2919	1519	452
2195	7506	9922
1652	3509	5597
3181	636	7528
201	962	1604
8976	9462	6246
6399	7214	9596
5803	2640	9965
310	2881	5591
6748	10200	57
2195	6237	1299
972	8764	1874
6887	3434	7075
10604	2812	3251
3728	6773	5414
746	10305	8417
10080	5028	4691
7573	668	3297
5750	2196	494
2222	2135	7140
3606	9390	765
191	727	5320
8450	9999	3104
4852	4792	5711
6887	3348	7742
4551	3338	9884
6887	2136	9718
6887	6133	3610
6887	9250	3577
10232	9137	9355
5773	1020	6980
3404	11027	810
4873	1183	1461
6887	8974	4858
5481	304	6768
191	3812	8308
5611	359	7707
5654	4564	9333
10518	8454	8317
9865	8954	8567
2919	7340	9008
2195	1841	731
746	5247	4126
10604	9377	5037
2222	1994	5693
10719	1928	7064
3404	2200	4412
4873	4690	2272
10884	7310	8597
7414	2824	11048
4852	4792	10952
1654	8591	10897
10348	7691	8691
1185	8539	6850
2919	10247	2162
5773	2164	8006
8367	3203	9226
5773	6084	685
1946	8886	6212
7162	4940	7684
627	9852	4672
8367	9106	7156
2195	2930	5693
3404	6112	3469
4852	4792	9526
10518	6265	4621
7405	8492	607
1662	511	1734
6009	640	5097
5803	10559	4750
2195	5651	5589
862	9618	2493
1946	6150	8792
1946	6392	6174
6399	10081	5420
6399	5752	1960
1946	9713	7116
6887	10380	3260
5372	6808	493
10334	5106	7817
6887	8328	679
1946	9578	6529
2919	4192	7604
5654	5660	7091
6399	2722	5964
7320	6982	10577
6887	8167	6524
1946	4792	3126
10530	9999	2015
8283	7181	7827
6399	4807	3479
244	453	1750
6399	2642	8733
5803	5296	30
6887	5246	787
746	4003	6515
5773	10004	8408
9196	7876	2673
1946	10901	1626
1946	8033	2944
4852	4792	7168
1946	1714	5903
4852	4792	3682
972	2857	1239
8367	2601	4000
7405	8364	9428
8751	9937	4622
1946	4538	10814
746	1724	2
2976	9494	9423
8367	9002	2914
3181	179	1291
2478	3412	6368
3404	785	8910
2195	9098	10214
6887	4155	3246
4852	4875	5748
10518	5888	7540
5445	10237	7080
10348	7496	10989
10518	10359	8275
6740	7802	5607
6566	6815	10586
6009	10319	573
6887	6407	9519
6399	1143	10771
1946	4214	8121
2195	2031	5451
5773	7948	1702
5773	9006	2897
2294	9686	161
4852	4792	8098
8716	7908	1916
8736	6071	5493
475	10188	513
6887	9604	2265
2919	3151	10161
9399	9494	2484
5773	7412	9721
5489	5425	5946
7162	5505	5552
1946	1652	5259
6887	9806	1388
6009	8186	1532
2458	6258	10066
8367	718	5677
5773	7936	6867
8367	1585	4766
6887	3818	4248
4873	452	3794
5372	2652	5984
6887	2524	335
10784	6940	8053
8367	7817	2437
9196	9948	1361
8367	7299	8892
6399	10277	2232
8335	276	3075
1946	9995	10843
6887	3305	5442
5773	44	1882
6009	8408	156
7162	9509	1202
4852	4792	5008
8188	10030	4491
4834	123	6234
4747	3418	2953
5773	5406	7324
6399	2412	8367
5445	4324	9909
5559	9352	6704
9399	3187	6331
6887	9435	10644
6887	6910	5258
2358	8873	7561
7320	10723	4232
4852	4792	8906
4873	6166	7720
8976	5998	3306
1946	10836	124
4782	9525	6298
2919	1189	7400
4852	4792	22
8078	8586	523
9260	1175	5089
9826	8152	4252
1868	1472	1687
5372	5196	10327
9399	6188	8653
6887	7219	8187
7573	3275	6509
10884	805	9019
6887	4248	9190
244	2757	7103
2349	10701	5671
2358	10466	1423
2395	4137	7729
9969	1364	756
9065	2812	2887
4852	4792	10461
7405	4401	7132
1393	2715	9308
6399	5296	6124
3526	6094	5936
10232	5702	985
627	2889	331
4873	3743	401
1946	7899	9230
4852	4792	1886
7162	5230	10028
4852	4792	2368
9300	9076	7883
1946	5687	6934
5574	3253	670
2195	1317	3632
6887	9690	2582
7162	5281	3594
6399	9181	3626
10518	10772	2175
6399	7502	9413
9300	769	6280
2294	839	585
8438	10223	7337
5750	1586	3119
9300	3734	8888
4791	2679	954
746	10092	2056
10784	9329	7258
4446	681	9475
2195	5562	2887
1993	8817	8838
1946	9629	4131
10518	7331	8527
9399	9494	1779
8976	4859	9976
2195	3547	7222
2220	10101	4259
5750	2359	3224
2919	5316	291
5773	7022	7550
7444	1683	6597
6740	9494	3323
6399	4039	8193
216	5396	6556
6009	2394	578
9300	7	4428
4405	6783	10934
2454	6480	9283
6887	3275	936
8367	10418	6396
6887	4106	1773
8367	1019	2369
2195	5959	5712
5773	8682	5147
4372	6094	6133
3750	6205	7411
2294	3913	6047
4852	4792	461
6039	8362	2161
1946	9999	1925
7414	7308	8156
2195	2722	5805
6740	3320	4238
3181	6729	8387
10232	11054	10031
6616	3476	1458
4791	2081	8921
2875	6208	2882
10784	5962	46
1167	1833	5754
6887	10332	9008
10858	2527	6107
7316	4786	2326
5750	7957	6641
7320	9494	9193
2095	8731	1349
4852	4792	1665
9300	11036	7071
7162	6372	11035
6887	8924	4665
4873	613	10467
5372	1171	1637
10348	8299	6655
7405	2144	6924
4873	10479	8772
2222	3348	1821
3257	7545	10783
6399	1377	4312
4852	4792	9892
6887	880	9162
2222	4372	8977
2195	398	9749
244	963	6215
1946	9062	4209
7166	6658	8194
4579	8529	9801
2454	1510	2085
2875	5044	4645
4791	4702	5901
2395	4764	8249
7320	10712	2258
10884	8277	3907
6887	8316	9718
2515	3168	7162
2195	1256	10554
9826	6288	10010
1946	1269	8152
6583	8284	1856
10727	10786	3366
4873	951	444
2574	5255	3217
6887	7209	929
2313	8976	8388
9300	769	1747
8367	527	9959
5750	9074	6704
6740	6250	8247
10232	2734	3946
4878	3125	1810
1946	2812	7851
7414	446	8947
5907	8270	3226
5654	2027	9793
2458	5872	9551
6740	7274	6018
10784	7376	9639
6039	2259	5811
9120	7572	10897
1946	9675	1626
5750	3791	494
2095	8629	7483
3728	3424	3107
2799	5949	4485
2195	5651	9990
5773	153	7918
9946	10240	8783
1946	6067	6989
10401	2463	11047
8367	2562	5466
8979	7561	10666
8976	5142	4571
3832	6825	933
951	9942	482
7162	6946	3673
9260	232	1399
2783	3859	6379
7320	9116	10577
1946	2731	6937
9969	10774	1417
2195	5062	1171
5803	6670	3664
6887	1136	5913
2195	10530	10043
1230	7596	6718
6887	515	1470
5559	8109	5750
746	8964	5668
7945	9491	6302
1946	7821	1626
10348	2672	11035
8976	3386	4188
3181	3990	8958
9969	1288	4144
9300	769	7996
