7162	6748	3664
5773	5106	6228
8976	2909	1873
3129	2340	4656
191	3812	8308
244	9083	5677
9946	9751	444
3606	8962	4743
1946	5286	2887
4791	2872	3621
9853	105	9072
9260	1503	5132
9946	1690	3670
7573	10724	6711
10232	710	10135
6887	6707	6577
8367	10501	6126
1946	7101	10517
1654	6647	3715
9946	8333	1940
5773	9460	96
8976	3217	9154
10518	9163	7747
10334	1962	1484
201	117	2194
1652	7555	6709
2783	9936	7511
6887	6910	5258
3526	7325	8505
5654	2027	9793
5750	6935	122
2579	3961	10216
1946	4981	2012
8180	8279	4319
2358	4105	2000
9300	4089	2586
6399	10381	10449
4791	9032	5855
4791	312	9841
8283	5716	7877
2395	10328	5712
3181	10113	8553
9399	10346	2385
2919	7303	4924
5489	5688	3464
1946	1211	5706
9969	2638	6036
2195	3220	8119
10232	1753	4915
9969	317	6990
5773	5311	10818
10518	8320	8569
7414	5976	9394
5750	1959	6704
1946	4133	10948
1230	3400	4346
4873	7706	2569
2574	3361	9629
972	7434	6484
4904	7962	1899
746	1947	10910
6887	2114	3992
1946	5093	403
5445	489	1157
6887	7944	7787
2919	3938	5944
6887	5678	8926
10784	545	3123
6399	9494	3113
8367	1324	939
2408	2924	3664
1094	1696	9019
8979	9709	6789
6616	3798	7528
8960	2552	6591
3181	3990	8958
8028	567	9173
7945	8138	2131
1946	8130	1408
2919	8070	5018
9995	6094	6029
444	7265	6389
6740	4688	4208
746	2743	9629
4873	5694	6878
2919	4132	3961
2875	5044	4645
6284	6189	7788
2919	9781	5608
6740	7802	7076
7320	1093	2711
1094	10994	4373
10518	10772	2175
9196	638	3271
4878	296	8768
5773	10175	7083
10232	9482	10535
7162	628	6960
746	8614	5842
6887	2821	5662
4852	5822	8695
6887	10710	1498
746	4785	3269
8262	2054	5786
2095	7726	5894
6399	3164	6625
5844	9818	6866
1946	10217	912
10518	5368	7972
6009	9510	9684
8736	5555	5526
4852	4792	6608
8438	10223	7337
7405	4926	10475
2358	2987	2369
6009	8732	7027
5559	9494	6077
9120	6087	10083
1946	6094	5681
7321	3842	9192
6887	9604	2265
7573	8399	5324
7162	3605	8544
9196	3426	7016
972	3484	2413
10784	5989	6575
6887	7521	9162
9300	4885	4329
6887	3500	4721
6887	2922	980
4873	4920	4888
6887	3526	9213
9946	7032	2732
6887	3488	9008
8367	5047	10295
10604	6797	5196
3733	3658	4973
5803	4213	5173
9300	769	1638
8367	10721	6894
9300	2870	8101
10518	5793	4872
746	11004	3475
10184	1981	2890
3543	553	9920
6740	8919	5058
3750	8202	3235
5803	1845	5516
4372	6094	6133
1946	2175	5015
7573	2083	1250
6887	3387	980
10604	6237	7062
1993	8026	11000
239	6441	2809
6740	3098	10630
6887	6266	10663
10518	1034	5047
2195	5688	754
10348	3658	4973
5481	6225	1011
9729	6308	10226
1946	5654	5087
10877	4054	235
4873	9649	1724
2919	8800	5287
9969	280	10528
3850	2054	3953
7162	6084	1794
10348	7259	3227
4873	4749	4538
5445	5917	9834
9946	10240	6089
191	5481	4592
8367	8140	10056
5372	8790	8745
10518	10197	4061
2222	3348	1821
4852	4792	10116
8164	2714	9744
4791	1115	8210
1946	891	5706
6887	41	2314
2222	7717	1849
7405	2144	6924
239	7619	7734
10858	3081	10355
3404	3657	9023
4852	4792	5505
5803	9321	5288
2919	1819	8789
2195	9367	10161
4280	7185	4027
4904	10589	10113
10232	7536	5299
8828	4367	3689
6399	6466	329
1946	5296	8201
1963	7306	8575
6887	3818	4248
8976	2937	10782
5773	1742	2162
10858	5271	7892
10348	4725	9674
1012	2999	4409
5481	1593	10586
7162	2694	10897
8831	10226	6528
6740	4536	7994
10518	2025	4786
6399	8929	9206
2195	4505	5706
4873	1409	6690
6887	6076	7686
10401	5509	1111
9300	6859	282
884	8635	10341
6887	737	1740
7414	446	8947
2976	5600	119
10674	6311	10488
3728	780	2133
2358	144	6427
444	727	10279
1946	1968	797
6740	1216	4430
5563	9494	7502
9300	769	1174
3181	2880	2693
5803	5322	6054
4852	4792	10193
8367	2945	4822
6399	10290	7637
2195	2088	4710
8335	1470	1489
5773	10876	8408
2976	5251	9082
10858	6029	7964
1946	10836	124
5611	9525	8718
4852	4875	6349
746	9119	731
6740	8182	9262
5844	8922	2411
1946	1058	10517
9399	9494	9413
6740	7097	2156
5372	3796	9081
6009	4348	5129
457	8903	8435
1946	10146	4731
10334	8295	3568
6009	8744	661
1946	9241	6927
6887	4644	10758
6399	1883	3739
7162	4935	4334
5300	5869	5415
10232	10751	7829
10784	2812	10389
4852	4792	3578
6887	4171	9926
2195	4682	1626
1230	7613	3691
4852	4792	10466
1946	5465	5720
6399	9181	3626
8949	9909	6902
1993	9937	3861
5489	8693	1915
5803	1307	6054
10518	769	4973
6887	2661	8819
6887	751	980
6887	3517	2947
9295	3118	3664
9969	8253	11052
10518	8615	3412
4852	4792	3933
439	10475	9811
7414	4248	5451
5773	158	10138
1230	144	7993
6887	7074	7120
2195	9258	10118
187	9834	2660
4873	9494	4339
9946	10240	8783
6887	8540	10628
5654	10409	8443
5559	3322	8356
9260	8654	9699
1946	9828	2260
10784	69	6994
9067	933	5471
1230	7596	10580
6009	7091	6799
2195	7721	9476
475	5091	916
10518	5800	7381
8367	3687	4362
5773	5566	882
2294	9234	4776
746	4562	7324
6887	4225	6419
10518	8160	5438
7516	10884	7260
5773	8136	2779
2195	297	10264
5559	9352	6704
5773	8285	6180
7451	4940	4450
9878	6107	4261
1946	3490	6233
5372	399	8370
9196	10856	4941
746	8964	5668
5445	6087	9188
2976	3084	2211
2569	769	2678
7876	1282	492
5563	2339	5773
7162	9494	5132
7162	5089	2019
444	8387	5721
6034	2073	8867
10401	5030	10298
6740	10966	7647
7405	7670	1279
10518	2772	9734
1993	2812	2880
9563	9433	4178
4838	5906	7610
4852	4792	4505
3404	5191	9668
4852	4792	7355
7876	934	1878
10727	3335	7815
1946	4251	1301
972	1463	1130
160	8626	426
1763	4903	9917
6887	2053	7055
2195	4426	6520
5456	6071	5251
10784	3787	7525
10232	5253	5396
8456	5374	6030
7414	10271	9674
6009	1586	1791
9826	5130	10817
10889	1185	6297
746	7357	10941
9158	2558	195
6364	3783	8744
2478	6911	5557
2195	8389	5706
7320	2006	3272
9969	6899	2002
884	5115	4148
8831	9626	2688
6399	3498	2744
1824	9186	8389
6399	6768	5964
10127	2099	4409
3181	10939	8553
7162	255	3764
8367	2400	5944
5750	10432	6704
8960	3535	3362
7831	10535	67
9969	6680	3211
2195	5095	2417
10518	9120	444
7162	10407	10899
1094	7070	459
1946	4201	2425
6399	9494	7782
6887	2508	2584
9826	8152	4252
9826	6817	8422
2220	1514	4259
2919	1573	5462
4405	2720	5953
7162	6431	3431
3526	6094	5936
5803	6237	7682
3728	5959	10822
6887	7074	65
8828	7793	3406
7414	10080	1436
6887	10456	3145
627	1067	3991
9260	3343	3664
10476	9494	5470
4852	4792	210
1946	9702	2980
6887	8292	4130
1094	10827	635
9196	7255	8836
8367	6540	9080
10784	1077	6388
3733	7473	670
6887	3873	4665
4852	4792	1415
6740	5541	5123
9563	743	747
1393	1016	2746
6887	11044	7401
9439	4540	7640
8716	7908	1916
4873	4109	6783
4579	8000	7305
4852	4792	2034
3549	8760	10727
9770	4330	5109
9300	3670	9432
2294	3913	6047
2294	1957	6890
6887	9760	8341
5750	3137	5775
746	9494	9056
6887	6241	6741
7839	5510	4795
9399	5579	2190
7573	3275	6509
10401	2463	11047
4628	3906	9309
9300	1540	4103
6803	3138	4307
7321	4792	3989
6740	5880	8241
2195	884	2051
9301	4587	930
4852	4792	8329
1946	10507	1036
2574	9434	3216
5773	1193	467
8831	3861	9259
6616	4660	8945
1946	2045	6451
7162	9587	5088
8450	2428	7829
8363	7625	8318
2195	398	9749
5750	8018	6704
8976	7417	2597
972	9793	4948
1993	5671	9411
9300	7319	8095
6887	7742	6235
3181	3998	9288
3832	6825	933
1946	432	7098
4747	6071	5387
6399	10277	2232
6887	2458	5883
1946	4211	6849
4852	9822	7476
4873	3624	5776
2294	10411	10064
10784	7056	7311
10858	1156	552
8367	6421	4475
7316	769	10143
7201	6094	3516
6566	785	8883
1946	10308	3005
7162	4216	7128
1946	7319	8276
5773	2251	8202
2181	5230	5853
2454	9294	681
9042	9697	10551
10699	9494	5130
6399	5296	6124
5773	5406	7324
7162	8441	767
6740	6636	3092
5372	2159	9080
6009	10076	9283
9969	9179	5082
244	5236	5677
2358	10449	2371
6887	9318	5883
8164	6499	1026
2454	7119	1730
10334	4385	8665
10507	1626	7431
4659	5770	5837
8367	2431	5677
8438	3163	6599
4873	705	5010
6490	8906	2165
6009	10856	4132
10858	7866	5526
1230	4208	10440
9969	821	4368
1946	10246	9265
2919	4402	7051
1946	10920	3769
10784	4286	2996
4037	3214	7702
10348	9355	1337
1012	6735	6422
10784	745	748
3181	38	6048
6887	10774	1883
5750	8957	7640
1946	9696	4571
8367	4520	10282
3192	5113	2451
9969	1364	10407
6887	796	4991
6616	722	6462
3924	9593	5100
5563	206	8110
7933	7344	7393
6740	3770	6956
2195	4248	10920
746	764	913
9300	5160	9492
7414	1680	2549
1868	3297	3503
8976	4792	671
2919	4513	7514
2195	762	6532
972	7979	10139
387	6458	3248
3404	8782	436
2222	7012	9972
10518	5831	1037
4791	2276	5743
10518	9494	5838
6399	10771	6261
746	6386	4508
9135	9473	10161
8335	6040	7127
4873	9525	2354
6887	1516	5770
1185	6084	14
8367	1733	1954
9826	7494	5440
8164	1657	665
2783	9108	3720
6364	65	7338
1946	6965	6688
6399	6030	5451
7444	859	8027
6887	305	7346
7451	5428	4876
10889	66	6297
2919	10247	2162
4878	9822	3505
1946	7984	9705
161	7981	3426
6887	7864	3664
1946	4681	5259
5445	7503	3664
2195	10843	1567
3728	810	7930
9969	1277	6049
9729	11047	1541
6951	8423	5232
9339	4724	9292
1946	3187	4535
5445	8180	202
6399	10642	2157
5803	7794	8839
6887	7809	7510
6312	9408	3236
2358	975	9106
2875	9945	7043
5803	3698	6896
7162	9494	5204
1393	4529	7772
9399	769	8701
4852	4792	9993
8728	2812	9017
2195	1256	10554
9969	6942	10611
8450	1352	10190
7162	2192	8364
8367	9899	9141
6887	7856	10647
5654	7816	10442
2574	5255	3217
6887	3726	4214
4747	3418	2953
8949	6071	9268
10518	2025	8859
6887	294	6429
6284	8852	5414
10884	3186	8404
4852	4792	3038
6887	1734	1936
8367	10596	3780
5834	7146	542
746	3208	6992
5750	3564	6704
6740	8831	9713
3832	4657	2805
1946	6775	2605
5750	3668	5559
4904	1779	5718
5372	6808	493
10232	8892	695
10674	6311	7108
1946	10593	2147
6887	8836	5373
1946	2647	487
1946	6350	376
862	31	6467
10858	4955	4899
1946	8231	10307
4873	946	6237
2569	6913	3106
9399	9494	10022
6284	6455	1602
5844	5106	2363
9120	930	7913
746	5425	5245
5773	4403	745
8367	1916	866
6887	9315	9747
5445	3339	4357
2195	9992	1972
9770	6618	8555
10518	3799	8692
1946	8552	7153
2195	9320	10451
9196	86	6823
3526	9370	8296
6887	4485	1245
2195	7144	3778
7320	960	2315
2195	10272	8519
1946	353	339
7320	3187	9846
1185	10102	3078
1230	1074	8427
2195	4480	1626
6887	4804	761
1946	9998	9543
2919	11044	3321
8438	1744	9008
3094	2792	4605
1654	4750	10897
2976	4796	796
6009	3836	3078
1946	9121	8309
791	3539	2205
2222	9757	9414
6887	4190	7979
4852	4792	6110
7945	10356	6600
2195	5048	8781
2976	5688	1765
8828	4212	6700
2919	4470	6431
5773	4867	10037
452	1293	1931
10518	3306	7717
9196	4507	7877
1662	5770	10437
5163	5762	1245
4852	4792	10635
7405	9654	2517
1946	4312	2985
7162	1689	8653
1946	5536	6348
3728	13	8049
4873	8500	1213
10348	9727	4973
8367	6622	10460
1993	279	8323
5372	388	7937
5773	3513	5734
6887	9758	7383
10518	5158	2461
3181	6401	7240
3728	5557	9629
7876	1144	6123
8367	8193	10447
6399	4250	102
5773	4970	102
1946	1594	6870
1946	9434	3882
3543	5808	7269
7831	6094	4803
1946	4038	7151
2195	2604	10570
9826	7837	6887
6399	3206	8865
10518	670	6105
7162	10140	1091
6740	6145	3660
8831	9661	6782
7867	7135	9661
6887	10793	4138
8367	1019	2369
1993	9710	4380
2919	9173	9950
2195	99	8989
10884	8422	10134
10219	5171	7232
1334	10871	2392
6009	2394	578
1946	5454	4352
3404	2151	3496
6887	6529	4569
8450	9937	7921
4852	6084	10072
5773	8576	5943
5773	2261	882
8262	4917	4529
5571	5164	7238
10232	4869	8442
6616	320	1412
2222	1994	5693
2095	8728	4930
2222	2953	3294
5559	8982	4901
7839	6094	10169
2322	208	7545
2195	6187	10593
6887	9756	8541
6887	10715	1545
4791	9526	2629
6887	9816	8461
5654	5428	6084
6406	1412	7618
2478	4696	10518
5481	6427	8452
1946	682	1319
5445	645	7743
3825	2877	10158
3832	3999	7115
10789	2464	10338
6887	6597	3315
701	8871	8882
8450	9926	10381
7316	4786	2326
10348	9326	10951
8450	9071	3250
2919	10875	10245
7405	283	1286
1946	2812	7851
3606	10488	4563
1993	6953	10571
10604	2193	1462
1946	5682	9663
1868	2225	8487
5773	2180	10349
9770	10251	5251
2195	4355	9122
7162	5505	5552
7945	9937	5850
6275	1056	6610
10784	5005	9778
8367	2051	6647
3338	10520	9399
6740	5288	7381
3526	7987	2709
8367	8512	10755
4852	4792	9986
10232	9801	3643
2195	3706	6838
9300	2457	371
1946	8480	1238
8976	9545	9286
2515	410	6093
1652	3509	5597
1563	998	3073
6887	6175	4713
5841	2943	2296
7791	721	2882
7316	6930	2060
9120	4049	8288
6399	201	1548
8164	10022	1728
6399	6403	2816
1993	10460	2075
9770	3168	8976
6887	8328	679
972	10971	3349
3181	3990	10088
8976	10903	242
5372	1330	2467
5803	10531	4639
2195	6254	1626
4873	166	7750
1200	4968	7983
5773	10602	3811
2222	5396	1743
6399	7267	6194
4873	3305	2746
9300	769	6660
1654	8803	9766
2145	7736	4933
6740	5732	3870
7162	9172	7251
5022	3379	10890
10348	7319	9984
10784	8761	1063
3680	591	3473
1824	2865	7188
5445	1761	5706
10518	5333	950
4878	322	4491
10604	3032	9618
8367	8490	1950
8540	6721	4727
8164	10417	2218
10858	842	123
9300	150	5660
9196	3898	8263
10807	10484	8445
2976	7043	6206
6887	9759	608
1138	4474	2122
9300	769	1201
6009	4685	5810
9300	2229	4181
10232	107	5960
6887	11044	8109
10221	10493	3253
1946	5757	7155
9591	2642	8965
7405	6819	3369
7573	8207	8398
3181	2768	3780
8164	10610	6168
5844	1199	293
2976	2646	5414
9196	1015	2160
6009	548	8023
5844	2675	2481
10884	4369	477
2919	4241	9234
3129	2340	4480
10354	1210	4106
5372	8708	3400
4791	3631	880
6399	7758	9314
2195	6844	880
8335	1231	9281
3404	10468	684
5773	153	7918
5559	1418	6488
1993	3749	6459
6740	6031	3077
9770	9769	3121
5773	9363	8091
10858	6257	9559
10674	2446	6260
1946	10828	8136
1824	6951	8049
10719	8666	9037
7945	6256	9917
9120	7064	435
1946	9494	5929
3181	3707	2659
9969	1236	6202
10232	9137	9355
6887	11057	8591
4020	1094	6889
6887	8540	2050
5445	441	8429
10604	5688	7051
8976	4712	9666
6740	9494	3323
6583	2138	8379
4791	3015	1698
9029	5882	3651
8367	1145	2608
8367	701	6563
4852	4792	8098
8367	7492	3874
6399	10801	9698
1946	2766	8434
6399	7021	10413
2195	7586	6070
670	1399	5889
4579	9390	9742
2919	7436	3852
475	6949	1673
9729	440	10937
6842	4928	5051
9399	9347	3356
2919	7396	624
9067	8544	813
3526	10782	5675
8367	5334	9120
6399	1377	4312
9300	769	7351
1094	5341	4387
7162	6046	9732
746	1073	1705
9826	11045	1212
6887	7877	3613
1946	7309	3973
4873	5547	8292
6616	3476	1458
9969	2501	6773
10232	236	10631
6887	2395	7112
2919	10373	5393
1963	2445	6149
6887	5662	7533
2195	8250	2885
946	2627	10159
6887	6835	6619
1230	6851	9221
2222	3215	10509
9300	10437	5713
6009	6565	3566
4852	4792	8121
1946	8401	10293
8367	5307	10653
8438	6319	8740
8164	965	7407
7945	9286	10202
6887	0	1424
4852	4792	10952
5372	5804	9951
746	2618	5836
9770	5933	383
7405	10503	6532
160	6691	7411
6887	2769	8255
7162	11022	8615
9399	3187	8975
5372	7212	10782
10884	1701	6810
5750	6876	5735
9969	10598	2119
6887	3239	444
1946	1363	7930
2195	5688	11
10334	10803	8318
972	5569	6522
4852	4792	1372
6009	7936	7397
6887	4537	5710
3404	498	10158
6740	10122	1392
6399	8350	2674
5750	2620	2485
11063	6925	2888
5559	9243	5503
1652	5230	8154
2195	10362	3670
10784	1627	1078
8976	4950	4366
10877	5089	5881
4852	4792	5023
2919	5316	9943
1946	10757	11062
4852	4792	6871
2976	7249	4846
670	1317	1781
4904	7886	4209
2875	4222	2519
2195	2583	10740
9260	232	1399
5372	8766	7510
10518	3941	2469
10348	10043	1628
5750	2448	10274
4873	9494	4350
8367	2561	7393
6399	9390	4597
9946	9494	4376
6887	51	2091
6887	5447	9431
7876	7706	2804
8335	276	3075
444	1001	6376
6009	8112	6585
627	6394	8676
9969	9390	8779
6009	7994	9883
2569	5827	3106
9295	2621	5293
6887	8049	7416
1993	4431	9291
9067	10683	6857
5907	8270	3226
10982	6094	3711
9120	2057	7006
2195	2262	6876
1993	4540	1536
2919	8727	10386
2919	7158	3842
7573	7438	4144
475	2096	9102
2919	5138	9019
5456	6071	1261
3630	6369	10320
8335	189	9766
10877	4792	2984
9260	7339	3686
6887	7518	10553
8450	2635	9946
8751	9937	4622
7162	2741	5980
10518	7898	7301
6887	3196	86
7573	10440	2125
2454	879	9816
4659	153	1180
6887	5688	10174
7831	8368	6654
4037	9795	3137
6399	6084	10871
746	4422	2052
7837	9999	1480
746	980	10486
4791	4306	7915
5445	6481	5624
6887	3305	5442
8367	5522	9080
4852	4792	4388
9260	7743	4649
6740	769	9818
6009	5770	10063
1946	953	3522
6887	11044	728
5372	5756	7746
6887	971	7875
9149	10054	2755
4852	4792	278
6556	7917	9797
5803	1948	7416
6399	7215	10367
4852	4792	9772
2358	8454	1179
244	2757	7103
9826	7912	9718
6887	11057	1
4852	4792	2653
2515	10983	5414
7162	470	1004
6887	6719	7222
5803	9622	269
6887	3290	7169
6406	10374	384
10884	7310	8597
9339	5658	9160
9969	2946	6421
7414	7308	8156
9770	2911	6598
2095	9875	7926
2195	6553	5118
7162	2727	1216
4791	6181	7857
6009	9051	7072
6887	10839	5002
2358	9227	9106
2574	4802	7727
1763	2335	7899
10784	7021	5926
4873	452	3794
6887	5246	4268
4791	2679	954
6399	4068	1229
2976	483	5260
6887	6084	10155
6887	551	10335
4873	5686	9703
5590	9081	4568
8438	3270	4932
8367	7714	1761
1946	4274	5235
9370	6572	943
746	4224	125
7405	1128	10157
9300	769	3
8367	9673	4256
2783	7532	4426
201	8756	5405
2799	1160	6455
5750	3839	7640
6887	4892	10782
4873	10509	7145
3920	7507	2719
1946	8105	10156
7162	11012	5414
4020	2087	7533
6306	7738	10434
191	5273	4657
746	10558	7868
9969	9463	10310
6399	10643	1682
244	1738	1750
5445	4160	8609
746	7577	1413
1946	351	339
5563	9445	9667
3338	8517	5074
6887	7267	7020
7162	10442	2967
3404	3028	7167
10232	223	6181
10348	8163	5599
746	1491	882
1185	9541	2305
4852	9243	7342
746	6026	2897
1230	2690	7791
8335	9307	8976
6887	4804	9735
10518	3887	8527
10719	2806	3893
4852	4792	4378
4852	10003	7906
8367	4732	8892
3733	6084	7598
6399	10126	4765
2919	9494	1073
9120	748	8085
1946	8542	9734
8367	10066	5336
5300	6046	3249
3606	9390	765
9042	9822	223
746	2560	9134
1230	7607	2980
8078	8586	523
9938	2230	6422
2395	270	1414
6887	6306	695
8367	10626	7304
5445	4174	7668
9946	11016	9538
7162	5698	5149
10518	9472	4172
6842	1666	4142
10348	7691	8691
4852	4792	7482
6887	3235	7086
9260	3485	2457
3338	662	9571
2322	9016	10984
3181	9999	9531
2919	3016	147
2294	8845	995
10699	4072	7143
10699	4072	4801
6887	880	9162
4852	2106	2073
10858	4821	4118
4852	4792	605
8111	5948	3254
8976	4094	8524
746	4819	7079
2195	4782	453
10232	863	2530
3324	7601	6179
483	4555	430
9399	10558	7462
1946	4651	9122
10784	1379	8649
2919	2747	7477
972	10987	10019
10889	1106	5030
9770	8004	10879
4873	3299	5401
5057	1588	1282
1662	10889	8408
1868	10761	8653
972	8806	1874
4852	4792	461
1946	847	7614
6399	1228	10170
6887	11044	10458
9969	6985	2912
2195	809	10303
4873	6438	10108
7405	2812	10469
2195	8545	7255
6616	7669	3253
2919	4103	1531
8164	5106	9932
670	10931	8096
2322	9001	5435
6399	6593	5319
7320	2141	3692
2976	7196	1038
1946	3422	580
2574	6237	4402
1946	8185	4209
4873	2453	6568
3606	5151	2067
6887	8520	9695
6887	654	3304
10348	9390	4964
2095	3541	7207
4873	3412	1728
8367	8963	7632
4852	4792	1141
2294	2816	8231
627	7690	4741
1946	10901	1626
6887	769	8784
2976	615	7602
9969	5289	298
746	356	1850
10232	10266	883
6740	7903	2176
4852	2741	9139
10784	3088	11005
4873	3694	1371
4873	613	10467
1230	8485	3070
9821	284	6231
746	3278	6113
1946	9361	2083
6887	3873	9219
2195	5062	1171
1824	3234	3196
2195	7375	3296
5844	3537	10761
10719	10661	6478
6399	3469	1104
4852	4792	9748
3630	6385	6205
3181	3822	5705
5907	6486	4887
2222	5007	7440
2408	7245	2701
9946	6604	4961
6399	8493	1682
6887	7209	929
2195	10530	10043
9300	8366	6527
5773	5706	10583
5773	9333	2657
6887	367	1684
10518	4898	9629
1946	3232	357
6748	9431	8571
8976	603	9629
4834	123	6234
8450	3393	2999
444	10027	9429
4852	4792	9831
4852	4792	6151
4791	8228	7120
1012	7676	1229
4287	4086	10703
7162	9043	23
5750	2375	6704
3728	7694	3780
1230	10304	10802
5563	9494	8748
8367	10471	7925
4488	4384	37
3733	4060	8178
5750	8124	3224
4873	8994	1731
2976	5122	8143
5803	8429	9723
5445	8342	7829
1946	4494	10074
1946	418	3738
4791	3082	10792
7839	3021	9438
9563	9946	7102
10435	10320	10897
10604	599	1074
2222	8294	9008
6887	7744	8935
299	7068	2092
3549	5914	7505
6887	354	514
6887	8540	4141
9770	2061	2682
6009	10078	2111
6887	6533	1739
6673	8773	861
6887	9916	5883
2195	9224	2971
8367	1109	10282
6887	2638	8819
4852	4792	10506
746	10092	2056
6740	2076	3482
6399	1467	639
2358	10466	1423
9399	3194	8134
2294	6084	658
9865	10046	6527
6887	8146	8838
7162	9813	9728
746	1760	2355
6399	9362	6606
6740	6250	8247
4852	4792	9198
2395	8051	5897
2294	3669	256
6887	9421	6942
3181	1934	9250
3630	10499	3592
1946	781	6889
9300	298	6957
8367	9106	7156
8283	7181	7827
8537	6094	9264
9300	769	5868
791	9966	1548
2919	3062	10808
6887	3275	4311
4852	4792	7970
6284	7241	241
8367	10392	9040
1946	5340	109
8976	2809	5676
6887	859	3401
1946	6500	8970
10693	2812	248
3404	11027	810
1946	3475	10645
8164	4352	5952
1946	9268	3225
9300	1540	1685
6616	7129	10292
6740	2565	8184
6583	6094	8891
6887	5824	6122
6887	3930	5588
9196	390	9088
6616	10648	4333
5907	589	2614
6887	6270	5101
1946	37	8279
2195	263	2939
9563	8191	8496
6009	7371	7510
10858	2580	9821
9399	949	5902
10518	4150	2671
1314	2949	3820
5803	6670	3664
8335	7852	2626
1824	3272	9827
2454	5959	689
9969	6291	9951
10518	5959	1977
5481	3372	9004
8450	3494	4468
8949	6465	4779
7414	10393	5833
9300	769	3382
1200	5490	3653
7316	6548	869
9300	7800	731
5654	4145	10158
9300	1482	3715
7839	10857	9810
1946	10619	5132
8335	6071	7307
9729	8311	2656
5590	10704	7847
6399	7926	8337
4791	2081	8921
9067	6103	1470
8188	7198	3245
1993	10237	10773
1868	808	1293
9865	8954	8567
5773	6525	7703
7405	1795	8837
6887	285	9519
10518	5888	7540
5445	3819	3317
6312	4904	10250
7945	6177	10975
6887	9250	3577
7414	10191	5451
6740	8701	10837
3733	10660	10725
4852	4792	10720
10976	5861	7877
6887	5820	2872
8164	3440	980
9120	5372	4952
6399	7334	10170
1946	10988	5706
10348	5269	1622
4020	7911	7215
2919	2499	6294
9946	8997	4897
2976	3040	7003
2799	618	3346
9729	3127	9998
10719	1928	7064
9300	3734	9843
475	8960	4128
4747	9757	2878
8736	9203	8884
7573	5106	3447
1819	4077	1428
1946	9434	2764
2222	6232	1666
10784	7026	1664
9322	325	364
5750	7539	5199
2195	7258	3083
9969	10000	1949
1946	2529	10299
1963	2063	2935
2222	1995	662
4852	4792	5008
746	696	2761
2195	10058	580
7573	5833	4972
5773	1899	1427
1946	7899	9230
5750	308	10726
1819	10186	2076
2195	9494	6200
1993	1586	6622
6740	8750	10760
4838	5969	3284
3181	2306	8553
8976	3386	4188
7444	3285	6097
9120	768	7636
5803	11041	3664
2322	6646	98
6399	5729	8527
9300	4977	3712
2195	4743	9629
3181	3341	8450
1993	8817	8838
5773	5147	7975
7573	490	6773
8450	9999	3104
4020	2583	6901
6895	4191	1247
1313	6009	1002
1946	5102	10876
6887	5779	5225
746	9277	6473
8180	9931	3069
4628	5174	2662
2195	9302	4312
6009	4790	7984
2454	5177	9757
6887	11044	5145
2264	2627	3609
8367	1136	8666
6399	1856	2422
1946	4940	9319
9300	1540	9502
3733	10879	4835
9826	793	91
6275	1958	6459
2294	4465	8506
6887	1469	6962
1946	10915	1408
5654	2711	9120
4852	4792	6135
7405	4580	8935
9969	7755	5427
9196	5721	590
8145	9625	4794
2195	9494	452
2195	5589	7829
1946	7803	10517
9563	988	6772
5773	4589	4356
6399	2499	5303
2195	6917	3296
627	5523	6344
1472	4384	9464
10884	2502	10696
6887	4248	8619
3404	648	10090
1946	562	8750
10348	5609	7614
1946	3350	7390
4878	1344	356
746	7015	2610
5750	3317	6704
4760	3684	5152
2875	11050	7014
6740	9448	433
9770	5774	7245
627	1456	5669
6009	7947	4457
4446	384	5256
746	2222	2655
1993	173	1728
3181	636	7528
9826	10937	1957
6039	786	11008
5160	9236	3197
10348	3660	9338
9729	6983	7425
627	10133	6777
3181	5971	7680
10435	1730	9346
439	7021	2362
2976	5688	2621
8976	10576	727
6312	8522	2149
1946	2731	6937
3181	4585	8091
7405	400	4310
2222	2812	4023
746	10007	391
7839	5654	2007
5654	4764	9851
6399	2961	1682
9300	1988	8589
4873	4878	5308
6490	1006	8506
2195	3295	4007
2195	3658	4973
2569	2919	1359
7162	1199	674
4852	7958	2919
3728	9494	400
6887	1901	300
4834	5795	8769
10784	6163	1330
6364	148	7239
6009	1717	3664
1946	1243	2200
2195	1317	3632
6399	3369	7124
10604	3215	2995
7945	5603	6510
8367	2638	9272
3733	1552	5109
9120	9291	3205
2222	2731	9692
1946	8602	10111
9149	6084	5379
10889	5315	6297
8164	7811	5274
2095	2594	2026
6887	4754	9629
1868	4076	4469
1946	6148	3886
914	8011	5693
8831	10154	5119
161	4994	6342
7320	1244	96
5803	5025	3446
1563	6487	5350
1946	6108	636
7854	9754	6389
6887	5316	9030
1946	9999	5332
10518	9167	8029
8367	403	10618
5372	2652	5984
6887	1697	8187
9399	6530	8574
1946	9379	1921
1946	9390	210
2264	5066	4089
4904	4072	406
7876	3333	2451
8367	4840	8892
6399	3640	4380
6887	9586	5041
10518	8615	9601
8367	3799	1354
6740	7608	9037
8450	7839	7671
5445	11040	4416
9300	769	1747
1946	3187	9430
5750	3791	494
8976	3964	4054
8164	5106	6324
2454	2851	10534
2993	6423	2485
3733	1341	7385
6887	2941	2527
2569	6333	8543
1824	6909	1044
6887	4037	9162
9969	8594	6689
9399	6686	670
1654	6429	4830
5844	4764	6472
7162	10855	822
2195	5313	4895
6887	196	1581
4852	4792	2368
9826	10682	6887
2195	9494	9641
5803	5332	3664
5750	5994	2126
3728	6087	3184
9969	10774	1417
5356	6328	2206
7017	10416	4028
9300	7373	311
2294	9686	161
5590	9821	3092
5844	5000	6734
4579	3045	6272
5456	5564	9766
3913	3929	6686
1230	11045	6132
6887	466	8904
4873	10479	8772
4852	4792	10996
1946	6905	5791
10727	3439	1519
10518	3014	2464
1946	1199	6701
9196	6599	9593
10348	8988	67
2195	7860	7790
4852	4792	5365
9300	4977	9479
6887	225	9519
9969	2492	3153
4791	2504	8081
9120	4987	9489
244	5702	5530
5445	2049	2851
4852	4792	668
8976	6047	7411
8151	8449	1655
10604	8724	7199
627	3583	7227
5559	4801	3551
6284	323	6308
2919	5316	291
4873	5995	4862
9322	9172	4885
9399	2398	8574
9770	4170	2416
2976	10119	4454
7162	1855	10793
4834	1110	8769
9770	1338	10339
1946	2740	4449
8450	9757	3219
8842	9371	10897
2195	45	5333
8736	9948	2093
6887	7141	8168
444	9955	6376
10348	992	5369
7320	7960	735
6616	2309	2973
1946	1415	184
5750	1536	6704
5057	2885	10812
201	962	1604
3404	10920	2665
6009	8186	1532
244	3977	1943
7320	7857	4923
6740	8373	9384
9865	6237	9014
972	3454	10131
1946	538	6304
7162	1705	455
2195	6347	8582
8976	4504	444
6009	1923	3237
3404	3215	7947
5773	6345	2487
5950	4902	8407
5773	7687	10230
5844	9701	1640
2132	6740	4057
9300	10338	10565
9300	3394	2729
9300	9525	7613
3404	5679	3953
6887	5953	4569
6364	10616	8657
6887	50	3998
746	11045	982
5654	2245	7243
5559	7350	5750
9301	4385	10870
10789	6618	6520
10699	5202	977
3606	3096	4937
9776	899	4110
6887	9734	5442
1393	8962	2209
2195	3390	1885
5563	2530	10578
10604	255	3608
8450	10065	4182
1993	8887	5687
3404	6327	4797
10784	7474	5971
7320	5695	8610
6399	5807	8726
8164	6330	3261
8976	10018	6052
3913	4788	3730
8367	7713	3359
3181	6397	3237
6399	3305	1483
4405	6783	10934
517	1199	3574
10518	7607	7118
5803	10559	4750
9196	5215	10134
4852	4792	3393
8976	1954	7045
2195	10530	2178
9260	9525	956
3404	2119	6445
1946	10895	2888
5750	7267	9426
2294	9582	4954
9029	5058	10386
1946	179	10991
1946	9842	7644
1946	1289	10517
4791	3985	5080
2294	3932	2294
4579	6084	10153
5057	6932	277
1946	8168	5460
10604	3191	8206
9300	9028	10375
7162	8653	6246
4873	9573	9080
9770	3507	5255
1946	5170	10202
10518	8400	250
10884	805	9019
2195	7767	10593
7573	9757	3042
1824	8873	1897
6399	1043	1682
1946	6547	4031
8736	5106	1617
7791	6303	7965
9300	769	831
9729	4693	6389
8831	650	1246
10784	6483	5780
6399	10894	5451
791	3301	9076
5559	1749	9420
2220	10101	4259
8367	10977	7287
2454	5262	3443
5844	1493	9564
9969	4911	491
3181	6706	1671
2919	3884	7544
2294	10815	2676
10976	4707	6555
6399	9494	9678
2195	1890	9629
10884	8277	3907
5574	3253	670
6740	5288	4075
9969	6485	7537
2195	7021	9224
6887	8540	8821
1946	931	8002
6009	9053	3466
9196	173	10445
10518	10779	2407
6009	6228	9137
8450	2014	5478
5445	7271	221
5372	5196	10327
2195	2145	802
791	655	2089
2919	4019	5648
7320	9494	10164
6887	2541	9906
1946	4642	4931
4873	6860	10301
1946	173	3684
9300	769	458
3094	10558	10559
1946	9817	3910
6887	7246	3194
7320	1093	8066
6887	10163	1635
6887	2115	9032
3543	9525	9413
6887	6315	10458
6009	8660	3379
5773	7770	3131
6364	4792	127
9120	9933	5858
6887	9404	4268
6887	7728	1468
6009	3514	2932
2195	5885	10517
2195	741	6088
1946	4865	10771
7520	772	3106
1763	568	10511
6399	7499	9684
3404	6112	3469
4020	5208	1568
444	210	613
6887	7845	4166
10518	1263	6573
9260	10871	3743
10784	2045	4444
6009	3829	9186
7313	5043	444
1946	5527	4519
5356	325	6278
4873	1183	1461
6887	7080	4268
6009	8409	4434
7405	5688	7753
2195	10511	6253
2919	2542	9506
10858	6221	3780
7405	7032	7226
5773	10175	1678
6887	2283	7711
5559	9356	2153
9300	8137	2361
6009	686	271
3832	10764	3872
5773	5427	7966
8728	10573	258
9969	2210	8545
2458	5261	371
6009	10871	4486
9399	3741	5231
10518	8873	2949
10476	3520	5537
6887	10536	2739
10784	599	7924
4551	3338	9884
5750	7957	6641
7162	1049	1799
6887	9944	8690
2919	10674	7055
6887	9014	10810
1946	7305	9216
5773	2368	9804
7162	5190	9261
742	5396	6624
9120	1522	6009
2294	9396	1443
10518	3586	2142
2919	1022	6191
7405	2812	2045
5445	9999	8617
6887	4146	4693
5559	8109	5750
1993	8882	1253
1868	1472	1687
9826	8525	4773
2195	7826	2903
4904	747	10113
6673	4196	2496
1826	5047	4622
6887	6618	1152
5773	10334	1746
1200	5718	10336
6009	8900	5855
2919	8045	5111
6399	3113	1682
6887	4106	1773
6887	10887	7615
4551	10541	6464
10232	6261	9511
7162	9685	8228
8450	8010	9308
6740	6780	6480
4873	3733	7879
8367	6220	5677
1946	5689	3506
3913	38	3305
8736	10328	9262
6887	8167	9089
7162	7090	7645
1946	1200	5706
4579	2687	7039
9399	6329	7418
2919	4720	6439
4791	5688	4715
6887	9021	3841
9196	6471	2331
4791	2572	4698
1662	6795	10010
2976	2355	1089
7444	3158	5294
2195	9350	3296
2919	10452	9011
7546	3212	9074
2458	9422	6138
5445	9894	1211
8367	3977	3944
2195	5688	6422
4799	802	7560
1824	9494	8952
1824	2786	1362
3549	2139	7639
1946	4338	4931
627	3348	10294
8976	1337	4366
1654	5654	6576
1472	7612	10738
2919	1192	10379
10530	9999	2015
4852	4792	7097
9399	2430	2744
1946	9495	5978
5445	3678	7455
3549	9082	6199
746	3283	3780
2195	5630	6474
6887	8893	8187
2195	5363	8774
10518	388	10821
1946	8116	2936
6887	5361	9850
6009	9384	2173
2294	2425	4859
6887	1669	2857
5773	6084	685
1993	7970	7688
10604	9377	5037
6887	6087	6404
2195	11015	4973
2919	5789	9002
6887	2894	8064
7573	668	3297
1946	1199	5410
6616	10145	3374
1094	6390	6698
3733	9667	3386
7414	1199	1889
8450	7619	8337
6887	2483	2435
5773	2164	8006
4852	4792	9005
6009	6534	6240
3404	10604	7670
4852	4792	485
5750	10185	3499
6740	3973	370
6009	1861	960
10727	1691	4336
6887	10380	3260
10348	3105	9195
10807	11043	4038
2454	3340	1684
6616	7129	2023
9295	9983	4183
6887	5655	4045
7945	5654	10204
2195	6084	658
6009	10689	2856
6887	608	9108
244	3170	1855
8367	7299	8892
444	3256	8653
1946	5328	2551
7414	1960	6782
8438	6094	10685
10518	2755	10861
4873	10882	6155
8367	3188	1558
8367	4226	9293
10518	4254	120
9865	3495	9464
6887	10309	9306
1654	6312	8804
9300	6864	4099
7320	9494	9193
3679	9439	721
746	1149	8798
2222	8866	6288
1946	2594	1955
9969	3275	8790
1946	9675	1626
2195	10431	1728
6740	3320	4238
5773	2598	1916
7320	5959	3222
2195	3026	568
3484	1691	4456
5605	8460	8624
9300	3737	5133
6887	3187	3330
1946	1646	6422
6616	3242	4357
6887	2594	6715
4852	4792	500
5571	2582	10092
7162	9737	7929
9260	9126	1008
6009	5690	26
9969	1208	10768
9946	10202	6249
546	1806	10181
8736	10007	8853
10784	3933	9794
6887	2849	9519
1946	7088	8492
1946	2162	2788
4852	4792	1435
6827	6364	1871
4852	4792	6338
2195	6121	7439
5456	8385	2406
6887	9683	5827
6887	5959	5378
7405	6847	7829
8976	2160	4160
2195	1526	4788
5654	5396	4922
7945	3768	1259
4873	388	3460
8367	5506	6788
2195	3377	1036
1946	374	551
1662	8572	5773
4873	3743	401
5563	5694	2170
3404	2490	173
2095	458	6159
6490	5066	3404
1946	5471	9561
10889	2384	2922
7320	5526	10766
6887	10743	10268
3543	4109	7356
1946	3689	1301
6399	2412	8367
8450	5551	6374
5372	5268	5678
9770	5000	8042
746	5733	2721
2458	4600	7098
746	7407	5453
2195	8013	5873
5571	5157	1849
5445	1242	7215
1946	9999	1925
5445	7488	9552
2799	10663	6296
7066	5637	1700
7320	10561	10577
746	9200	1978
4322	7318	4438
2195	5688	2939
5750	5144	3016
6312	10569	1436
191	7129	291
7451	1199	4062
1946	2418	3792
5803	3898	198
6740	10720	4238
1230	4915	7741
7162	4497	5414
4322	2890	5780
6887	6084	10470
1012	9494	7938
8976	3152	1794
2569	1022	2706
2976	10892	5016
9196	7876	2673
6887	1767	1906
6887	521	4453
1824	7623	1035
1946	9127	912
2919	7432	5180
2919	7059	10489
10789	882	4674
6399	3990	5973
10348	3553	6843
8180	6021	9638
2195	8811	7162
5559	10508	3499
6887	6084	6012
746	7329	8683
2222	2045	6891
1946	6222	3506
8188	10030	4491
10784	2180	2540
7839	3885	8397
6887	5959	3715
10518	4525	3999
4579	6309	6747
1946	8280	9183
1946	9123	5636
6887	6084	3093
7320	10748	9336
3404	8534	9563
8976	2311	5046
9770	6128	9460
6009	1547	4053
8949	5942	8826
9826	1677	1740
5773	1020	6980
6490	6153	642
3343	6094	5517
3404	9934	7670
7839	406	6449
5773	1650	882
5773	7295	6164
7791	9390	10103
10518	958	7923
988	358	1890
9770	8835	8999
2515	9158	8976
10858	2527	6107
3181	10237	3456
6887	515	1470
2195	1946	10517
2919	9647	6371
8831	936	5132
6399	3164	6784
10518	4380	1389
7162	3187	8698
2188	8908	8567
1946	6986	7387
4873	6543	1383
6616	7129	3373
9969	1229	6858
6740	460	3908
6887	2731	969
2919	2385	4093
4349	2908	8838
6887	8951	5634
2264	7035	6785
10536	5623	8163
10401	7704	3561
8949	9429	326
4852	4792	3856
7414	6649	7892
4852	4792	8494
9339	6700	3664
2195	1750	2604
9399	47	10409
4020	10971	11061
8367	9002	2914
10858	10505	3044
6887	10299	4268
9946	10465	196
6740	291	7055
3728	6688	5458
2358	7231	6986
9300	150	2774
6616	4594	10202
6887	6092	7618
2195	3547	7222
1824	7443	6170
7573	6943	4233
9196	6612	3416
10518	8179	7542
1946	4095	1626
2195	72	4829
244	9162	825
10784	5209	9674
6887	1136	5913
9729	830	1379
2454	8029	5520
10858	1437	1116
4791	8559	7368
8979	8417	7748
1946	10213	8158
7320	1248	6963
1946	9578	6529
1946	1781	291
10518	5146	850
9260	6907	4474
4685	7447	7991
7573	2863	5421
2195	8502	3138
1946	5654	6045
1824	7644	8507
7162	3187	8070
2195	2800	3780
6399	9973	8658
972	10971	2517
3094	8380	9608
4852	4792	10323
4791	4715	9630
10348	1432	5384
10518	7331	8527
2294	8801	7931
1946	6249	5638
7320	10867	670
6583	10138	6762
6887	5130	427
3181	6729	8387
10858	5463	7507
3404	785	8910
9399	11025	10917
4904	6336	72
9969	6783	7509
3543	9131	5127
6740	1508	10763
8450	7134	4451
4873	9391	1699
6887	7901	7872
4873	9757	8403
4020	2657	3875
3050	2827	1436
3728	10159	6096
7320	476	8527
4852	4792	8746
10807	368	3775
9969	8949	8759
3484	9600	2155
6399	3308	2946
7162	8150	10750
9399	9494	2484
8262	3305	8022
5773	8524	6354
6399	1654	6941
9821	2025	6840
8367	4698	2914
6887	10888	980
1946	300	9122
8540	6615	3742
10877	7940	1249
5803	7368	3049
7876	9477	3506
8367	7175	2622
4791	1029	8160
5456	3482	511
8367	10560	5677
7839	173	4440
8367	3862	1229
8335	9757	8608
9399	376	1547
1094	5169	7567
6740	9505	5802
5372	3745	8378
5773	6972	1495
1472	5620	836
2195	4852	6522
8367	9672	1622
1946	7513	6486
1200	457	3857
3526	10819	5936
1824	4176	7324
4852	4792	10677
2294	1936	8104
746	3716	9629
7320	4438	3045
5749	10110	6596
8736	5608	9165
7320	6181	10577
4852	4792	1722
627	2889	331
8078	5130	3664
6009	9525	8576
5844	8023	3737
4446	4268	4698
1993	3788	2185
1946	505	431
2195	9251	3535
3001	10415	10847
6887	3187	9176
8367	3265	1013
5559	8287	1690
2515	1900	1256
2222	6022	3548
3181	26	4382
2569	6160	4840
5803	7662	4261
5750	4276	3224
3728	1034	5702
7166	10235	1482
10604	8157	6054
2195	6618	2421
10348	3452	3340
8736	10960	8396
8367	1952	8492
7414	6709	4985
3750	657	9467
191	3742	6043
3543	7361	10257
2195	7752	9629
2195	1314	731
752	8309	5259
5750	6140	6574
6009	5743	7751
10267	7967	9248
9946	9898	339
517	4940	5892
4873	1198	6480
4747	147	707
7837	9246	4042
7067	1375	6074
9946	10377	9629
4852	7967	7534
4873	5167	9227
7017	10098	9178
7414	1199	1421
4405	962	1262
5750	9074	6704
10348	9535	1170
2222	6718	3729
4628	817	4338
1993	6058	4025
746	9982	1214
10087	2134	9614
4892	6016	4098
6887	5316	4058
1662	4661	8585
746	752	9629
216	5396	5254
6887	5239	7304
1946	6430	460
7162	7766	455
4852	4792	9509
7162	5396	3478
9300	3734	8888
7573	8173	6858
5773	7274	9709
191	4945	10198
1946	6365	45
1652	7021	6866
2358	9901	5668
1946	267	8116
5803	2627	540
6399	4807	3479
3343	59	1723
244	2476	4323
2195	6084	3135
8367	9899	2427
2195	3435	2881
10807	4260	1376
10719	2993	4329
2145	2953	3200
8367	1869	5677
1946	7626	5706
7320	6014	67
6887	3034	2134
10518	10397	10329
4516	1317	7792
10348	2417	785
5750	8702	8566
7162	4940	7412
5803	4237	3919
10184	10497	1771
3733	6426	1213
6887	5288	9201
2095	4474	5852
10518	8454	10439
2181	3271	5414
9770	10645	6423
7606	6618	5972
746	8810	5895
1662	10124	440
5773	4197	9048
2195	8845	6905
1946	5611	66
6399	253	10207
2195	9999	1320
4852	4792	8069
1824	4168	324
4873	951	444
1946	4755	1626
1946	173	7880
9865	8338	2190
9300	769	7996
1094	3994	7617
2195	1397	5307
9764	7804	6178
8831	2812	5282
191	2510	3664
9300	769	8984
6887	6580	6545
6009	6986	2642
4873	5398	2794
1946	7481	912
7320	5397	9469
746	3112	4090
2195	9494	8932
7162	9757	9798
6887	6671	9557
10401	3065	61
6887	3491	3616
4852	5009	3664
244	7479	1064
5300	3535	7859
5571	10371	1849
3549	6302	9651
4852	4792	1594
6009	8196	1285
9300	769	6527
9300	6122	4313
2195	9390	8508
9946	8333	6931
5773	7065	1037
2976	2493	4
746	3711	9371
7945	2779	2261
1993	5439	7581
2222	5493	4152
7162	5230	10028
4852	4792	1665
10518	8615	7217
10518	8454	8439
9399	9550	3032
5803	7057	5131
5372	5409	9080
1946	3552	9132
2195	5688	3102
10518	7596	8583
1946	3251	6898
2569	5695	233
4852	4792	9526
6399	9485	3281
7839	2052	10365
4020	6055	9629
1230	7607	6227
9865	8374	9464
7320	6413	2882
3404	10094	4494
7320	1183	7917
5785	3480	311
8736	6094	262
1946	1883	10744
3343	25	4787
8976	4517	5940
7162	9474	3013
2919	4513	67
6583	8837	9168
1824	1783	10065
6887	10686	2091
9300	5413	7352
9770	6975	10729
452	3248	7533
9969	9051	3944
7320	1716	8510
8976	1987	6402
2294	7278	3954
8979	10650	705
4852	4792	3682
6887	10414	7958
9300	7011	2513
6887	9178	775
6009	3843	1471
9300	769	9098
2195	4174	3300
2478	3412	6368
6616	7129	5845
10877	8254	6428
6009	5342	3087
2919	10997	875
4852	4792	6564
10789	5548	4674
9399	2731	2232
6748	10707	8664
3050	1585	3057
9260	1175	5089
2322	10649	2894
6887	1937	7055
8367	4358	2255
5773	6329	1779
10348	2672	11035
8335	7963	354
10961	8845	1072
6887	6890	2493
1654	8591	10897
1946	2459	10307
5844	1199	4942
7316	2558	2065
1374	3879	6146
2181	3518	10850
1472	907	9464
1763	10092	10735
8450	1718	4039
1946	6618	5100
1946	612	339
9042	9559	2829
6887	9561	1254
6887	4128	9213
5844	9666	9534
4904	6577	10113
6009	6337	9025
8450	1217	6029
2919	8102	5935
3181	9390	9761
6009	3799	6817
7162	822	2361
1946	4998	5914
1563	7108	3797
10518	4490	2187
2358	8873	7561
10877	10015	9751
7405	902	5178
10348	8299	6655
444	6792	9535
1946	3187	824
6399	10920	5830
6887	16	3591
8367	527	9959
10518	8717	7160
3343	4540	2939
9770	436	7927
1946	9434	9851
8164	9311	7132
7573	3584	10306
746	3882	4090
7444	10189	279
6887	1852	9670
244	4731	9398
6887	1032	6664
9969	876	1197
10530	5962	46
4852	4792	3879
9300	10735	898
8367	598	4509
9196	7173	1937
6034	7472	5326
7162	7815	1129
9770	544	9603
3006	2120	9500
5563	8167	4860
2454	4109	10799
4852	4792	7591
5642	5494	4856
9300	9500	1874
6399	4896	3935
8736	6444	245
6887	1380	7997
8514	2443	3062
4904	3781	2507
4873	723	6480
8979	1945	423
791	8885	1496
1824	8454	5768
8736	8244	1970
6887	7799	645
2195	5550	2712
5803	1983	3381
1946	6067	6989
1652	5881	2752
6887	6087	8033
5773	3814	9804
1946	562	9691
2195	1629	10935
9120	2462	75
1946	6180	8136
10858	6237	7969
1946	4792	3126
2395	5688	932
9196	4246	7443
4852	4792	8534
701	6094	7022
7414	3765	3738
1824	6215	2272
11063	5588	2879
6887	3700	6591
2195	1981	8590
5750	1859	6641
4878	5835	2429
6039	8362	2161
9969	10017	3039
2358	10655	9629
2195	1350	7479
5489	5959	1648
8283	5853	2885
5654	4564	9333
8111	1651	3248
1946	9999	9574
5057	10629	9762
746	4417	9968
1946	10684	4565
2145	2953	7775
2569	2060	10740
7974	457	6527
1230	5359	6016
6399	9494	6593
1946	2642	6143
6009	2275	3554
1946	7445	4626
9938	9840	5641
2799	8548	6346
6887	6024	5854
475	2096	3659
2195	5080	2675
144	4102	283
9300	5156	4071
9969	6437	8139
5350	9523	1852
742	6840	1281
2358	8454	272
10784	9873	6643
5773	413	3985
475	443	8613
2195	7570	10938
7320	2725	3971
5445	7294	202
934	6803	6370
239	7619	4263
8450	9118	3493
9120	3337	1491
2919	7274	1528
791	3991	1717
7945	6094	0
5773	3420	10627
5773	7412	9721
6740	7936	4827
8979	1605	10585
2195	10877	5626
7945	4119	1042
4852	4792	7739
4852	469	2919
7162	4643	9280
5445	1497	1211
10334	6071	266
7414	9494	2097
6887	5875	9019
8406	8497	7280
4873	1866	1728
5844	5656	8123
1946	10193	5762
972	784	8136
2515	7100	9376
6887	3637	1252
4982	9454	5585
1946	5687	6934
2095	1832	4237
10348	2315	4276
9729	7290	8407
10348	5106	7429
1946	792	2436
10858	8396	7819
6275	4014	6394
1946	7813	460
4873	10478	10345
2919	6138	3975
2195	7161	9116
4852	4792	7641
2222	218	5790
9826	6288	10010
5803	2340	5630
746	144	10342
6740	4035	1316
1946	10450	5706
10334	5469	10276
2919	3580	9185
2783	4347	206
4747	361	5794
3606	7789	8048
6616	5450	4157
6887	9339	9621
2976	4977	8105
1946	2178	6253
4852	10289	6846
3913	3593	9071
5372	4835	90
1946	4531	8993
10719	7176	9525
2919	6176	5498
8367	5281	1391
1946	9217	1153
10518	4245	6164
6887	9146	2158
7321	9267	4195
2919	3794	8635
1314	9517	10513
2919	4515	6003
5372	727	10612
6039	10387	5509
3728	2044	9777
244	3914	1691
4873	10504	6102
1946	4927	6422
6887	8464	7871
6399	6087	835
8960	9629	2880
2454	5440	7683
3832	3291	9769
10858	2347	6800
1946	4238	9216
9370	2158	8432
2145	3140	9284
7162	9494	669
9946	2854	5545
1946	4249	2552
6887	9583	685
10884	7802	8717
2704	5848	7618
8367	7360	9585
10699	1602	8158
6887	10641	1739
6887	3275	3355
7573	1617	3413
8367	4446	9923
9770	1878	5487
6740	4440	7053
10518	548	8020
10784	8604	5259
9969	8592	2650
4852	4792	1021
9969	10555	2196
9826	9447	10728
9300	9900	1597
5773	4070	9898
5372	4074	1801
8949	2582	1866
9969	5391	6858
2195	9571	3914
8367	3057	769
1946	4411	1211
5481	8321	4653
6887	973	8682
2919	10297	835
2358	8945	9629
627	9376	993
9067	345	6387
4852	4792	2853
10784	4493	2177
5590	4462	7132
6887	4077	5777
862	9618	2493
10518	1984	6982
4852	4792	2954
3728	3424	3107
4852	4792	10461
3549	8192	730
3728	8581	7381
10348	1540	11035
10604	6094	6466
2569	990	7841
8367	9721	1950
2976	5112	6016
5750	8473	5559
7320	987	9639
7839	1542	3345
3850	1305	2759
2783	7264	8088
6364	2030	4316
2195	8457	6655
10219	4990	2291
7405	1373	8218
6887	3434	7075
1946	255	942
6399	4882	1682
6887	5909	7934
310	2881	5591
2048	1858	7460
9770	7319	5079
1946	6891	9216
7162	8235	4224
8976	5929	2410
7320	2107	9262
6887	3004	7612
6009	5244	138
7320	3226	4743
2195	8585	5150
6887	8948	5862
6887	7868	3242
10518	333	8251
2222	6945	4612
5750	3331	3499
6399	2901	2713
1946	8609	2560
9938	10036	4149
6887	696	7124
4782	9525	6298
1946	819	5752
6842	5281	6703
1946	6571	8990
10080	5028	4691
6399	10976	6941
746	481	10974
5750	2340	1804
1993	61	3252
4873	388	10108
4852	4792	4236
6616	7129	7358
3181	1863	6262
8367	4549	7558
6887	10219	6014
1230	4529	1846
9300	11036	7071
2195	4419	9629
6887	244	8341
5481	304	6768
7162	9494	767
8960	2435	9567
4873	6542	10441
5481	900	2268
8960	5517	7205
6740	6782	40
7945	7021	2979
1946	1652	5259
2294	839	585
1269	1743	10696
3484	4889	1309
9969	3449	4411
7405	8623	1302
6583	3601	3237
1946	6571	7246
239	9594	10828
8367	4340	4475
4852	4792	4951
6842	6862	291
10518	6265	4621
4873	10128	1807
8367	6611	9008
1946	576	10570
10877	6048	2269
4873	1894	2882
4322	10700	541
9969	6329	8025
6399	9593	2157
2919	3772	693
6887	8540	10388
9299	7614	7995
10354	5312	7117
4852	4792	4207
746	6084	4477
6887	2114	10297
1946	4927	10570
1230	144	672
5750	3898	6704
1185	3728	9962
9149	548	10175
3192	10635	9091
1946	3189	8685
5456	5222	7162
6887	4883	2493
6399	3639	2662
8335	3040	2933
6616	2455	2207
7162	6301	7221
6740	5710	4667
9300	5213	424
6887	6594	301
4852	4792	7168
5907	5616	3835
6399	3451	8899
6887	52	7829
7945	7008	2787
1824	9598	129
627	343	421
9969	6329	5201
2358	5193	1375
6399	7322	1682
8367	9054	9080
9969	75	3649
7839	9973	7594
5559	5696	8356
6887	2044	4298
10858	7448	10854
2195	6699	1552
7320	8412	10427
10784	1382	6626
746	5362	9629
6887	5554	4483
1824	5038	860
6887	6754	10875
1946	8530	8919
8976	1218	10801
4405	1201	8380
3181	2920	8561
7414	7796	10888
4852	4792	5711
5372	1081	9895
4747	4479	2539
6887	1991	6605
746	5359	731
6887	3275	7490
1012	11018	1923
9399	3187	2628
2195	7750	1293
4878	3297	1932
5489	5425	5946
10784	7376	9639
5445	4982	7325
6887	202	5770
1946	2212	3775
7876	5639	371
4873	5335	5093
2195	1048	636
5559	1729	5679
2188	9439	1446
8438	2056	3664
2095	8336	9773
3728	10603	3922
2195	8142	1588
3539	3907	8072
4747	5422	6433
7320	3569	10313
9946	6968	4427
8335	5431	5759
10858	1966	10894
2976	4046	7024
6583	3484	5304
5750	10954	10686
3404	2160	4200
10518	8521	4520
8450	1108	9961
7162	5688	8679
1563	3467	8551
9770	10254	709
5372	9775	979
6887	6109	1236
6312	3898	1164
10334	6094	5458
5803	9078	1568
10518	769	891
2195	7935	9629
9946	5845	851
6887	9967	2472
1946	1543	912
2395	5692	7393
6740	9463	1105
3404	6094	1719
3543	9525	4073
2095	5993	3838
1946	8451	10717
5773	4806	8793
7162	10253	2300
5844	4164	6874
1946	9494	6103
4616	2815	9848
5489	6084	10648
7162	8778	420
5167	1391	9685
4852	537	10898
1946	5959	6765
2322	6693	8594
4852	8574	7349
6887	4155	3246
6887	2209	4808
1946	9994	828
6009	10304	1903
4852	4792	6674
1946	2482	3664
8083	3767	3623
6887	3000	1016
1185	8539	6850
2222	9991	8337
4852	4792	1142
9969	2847	10306
5372	3407	5334
5803	4643	2386
2875	2812	653
2222	6742	10254
475	2096	9624
5750	9606	5559
4878	3275	10578
972	6357	4191
6399	10844	5594
701	9459	2341
4579	10177	7416
746	1825	4253
7405	6643	199
8450	2627	1548
3484	2675	7833
9260	3292	6369
2095	7622	882
7320	1974	8527
5559	582	6704
972	9230	9963
10232	1751	9951
8736	6071	5493
2294	1640	9537
6275	5281	3800
11016	1596	6254
9300	7509	3664
1185	10353	6747
8180	1209	6537
7414	11027	8495
4873	6384	4367
5445	10989	3540
1946	173	5450
6887	4381	9213
7162	5281	3444
10518	8454	7764
7396	10426	6289
2454	1510	2085
7162	6266	10493
1946	8514	1947
599	7013	9296
2574	10624	8771
2195	4573	7533
6887	2873	2493
1946	93	3795
7405	7313	10093
5750	2196	494
6009	9525	1144
2294	8384	7202
6284	5337	33
4873	3269	4720
10232	1639	10109
5773	1774	1474
1946	4214	8121
2195	10267	8337
3733	6520	159
1824	1055	3780
2264	33	8506
2294	2054	6163
6009	6722	5922
10699	4272	4926
6009	5309	6518
6887	401	9902
2454	173	10160
6887	3275	6480
2574	8888	3857
9300	677	5551
7313	9812	444
10604	6094	6100
4852	4792	3817
6887	6752	6665
10184	9072	10161
3850	5407	6572
8367	9185	5909
5372	1171	1637
1819	8195	9349
4852	4792	2722
1662	8337	5142
6887	10130	7825
3404	10787	7165
10784	5962	46
6887	4846	10714
8831	4955	686
9196	6619	2575
2145	3635	5962
3404	8275	8676
8367	9013	9202
10784	4296	8646
10232	9194	8176
7162	3332	5633
627	877	4733
7316	8751	4296
7405	9443	6921
4852	4792	6562
5803	2125	888
6740	8055	5359
2195	484	3826
7321	3614	2529
10518	10935	2357
9853	6858	10126
10784	8681	2432
1946	2067	6661
10334	6089	2230
7414	4420	1616
9969	1288	4144
1230	2249	8369
1993	7738	3714
2294	6165	7197
4873	606	9456
9826	1586	1040
2195	2031	5451
4020	10093	6385
8367	10693	7393
6583	5670	2434
3728	750	3851
1946	7309	1377
6364	1636	3166
1946	729	9122
3181	9999	10743
10858	9494	9873
8976	5574	7694
6887	8964	1740
746	7577	10344
2222	8353	6383
9300	150	10972
8976	6094	3398
9969	1965	2852
5750	1719	3970
6887	571	3518
2993	1391	1422
6887	10650	3175
6887	9354	9298
6399	1532	5152
8979	7561	10666
6399	2681	5964
8367	1585	4766
2454	9543	8630
6887	7276	7449
6399	8099	503
9946	9929	10764
4873	2012	7980
2195	5651	9990
10518	5199	3815
9770	8812	1783
5654	6974	9929
6887	337	4958
6009	2155	920
1993	6093	3664
1946	321	1626
